Base:
0:
1 2 1 2 2 1 0 2 1 2 2
0 0 1
1:
2 2 0 1 0 2 2 1 2 2 1 1
1 1 0
2:
0 2 1 2 0 2 0 0 0 0 1 0 0
2 2 1
3:
1 0 2 0 1 2 2 0 0 2 2 2 1 2
1 0 0
4:
2 0 2 1 2 1 2 1 2 2 1 0 1 1 1
2 1 1
5:
1 0 2 0 1 1 2 1 1 1 0 0 1 0 1 0
0 2 0
6:
1 0 0 0 0 2 1 0 1 0 1 0 0 2 1 1 1
2 2 0
7:
1 0 1 0 1 0 1 2 0 1 2 2 0 0 2 1 1 1
2 1 1
8:
2 2 0 2 0 1 1 0 1 0 2 0 2 2 2 2 1 1 1
1 2 1
9:
2 2 2 2 0 1 2 0 1 0 1 1 0 2 1 1 0 0 0 1
1 1 0
10:
2 1 1 1 0 1 1 0 1 0 1 1 1 1 2 0 0 2 0 2 0
1 1 2
11:
2 2 2 2 1 2 1 0 2 1 0 1 1 1 2 2 2 1 0 2 1 2
1 1 0
12:
1 2 0 1 0 2 0 0 1 0 2 0 1 0 1 0 1 2 1 0 0 0 1
1 2 2
13:
1 0 0 0 1 2 2 2 1 0 0 1 2 0 2 2 2 0 0 1 1 1 1 2
1 1 2
14:
1 2 2 1 0 1 0 1 0 2 1 2 2 2 2 2 2 2 2 2 0 2 0 1 1
0 0 1
15:
0 2 1 1 0 2 1 0 2 0 2 0 2 1 2 2 2 2 1 1 2 1 0 1 2 1
0 2 2
16:
0 1 1 2 1 2 1 0 1 1 2 2 1 2 0 1 0 1 1 2 2 2 2 0 1 0 0
2 2 0
17:
2 1 2 0 1 0 2 1 0 0 0 2 2 0 1 2 1 2 1 0 0 1 0 1 2 1 0 1
0 1 0
18:
2 0 0 2 2 0 2 2 2 0 2 1 1 1 2 1 0 1 0 0 0 2 0 1 2 0 2 2 1
1 0 1
19:
1 1 0 2 1 2 0 1 1 1 2 1 0 2 1 1 1 2 0 2 0 0 1 1 1 0 2 0 0 0
1 1 2
20:
0 0 2 1 2 1 2 2 0 2 1 2 1 0 0 0 0 1 1 2 0 0 2 2 2 0 1 0 1 2 0
0 0 1
21:
0 1 2 2 1 2 0 1 2 2 2 1 2 1 2 2 2 0 1 2 2 0 2 0 0 2 1 1 1 2 1 1
1 2 2
22:
0 0 2 2 0 2 1 0 0 0 2 2 2 1 1 1 2 0 0 1 0 1 0 0 2 2 1 2 1 1 2 2 1
1 2 1
23:
0 2 1 2 2 2 0 0 1 1 1 1 0 0 1 2 0 1 1 2 2 0 1 1 0 2 0 1 1 1 0 0 0 0
2 2 1
24:
2 0 1 0 2 0 1 0 1 1 1 1 1 1 1 2 0 0 2 0 1 2 2 1 1 2 2 0 1 1 2 0 1 2 1
2 1 1
25:
1 1 2 2 0 2 0 1 2 0 1 0 1 1 1 2 2 2 1 1 2 0 0 2 0 0 1 1 2 0 1 1 0 1 1 2
0 1 0
26:
1 1 0 1 2 1 0 1 2 2 1 0 1 1 2 0 2 1 2 1 2 0 2 2 0 2 1 1 2 2 2 2 0 0 1 1 1
2 0 2
27:
2 2 0 2 1 1 0 2 2 0 2 0 2 1 2 1 0 0 1 1 0 0 0 2 2 2 1 0 0 2 1 0 2 0 1 2 0 1
0 2 0
28:
1 0 2 1 2 1 1 2 1 2 2 1 0 0 2 2 1 2 2 0 1 0 0 2 0 2 1 2 0 0 0 1 0 1 0 0 2 2 2
1 0 0
29:
1 1 0 2 1 1 2 2 1 1 2 2 1 2 2 2 2 1 1 0 1 0 1 0 2 1 1 2 1 1 2 2 0 1 2 2 0 2 1 1
1 1 2
30:
2 0 0 0 0 0 1 2 2 2 2 2 0 0 2 1 2 2 0 0 2 2 0 2 1 1 0 0 1 1 0 1 0 0 2 2 2 0 0 2 1
2 0 2
31:
2 0 2 0 1 2 0 2 0 1 0 0 2 2 2 1 1 2 0 1 0 0 0 0 1 1 0 1 0 0 1 0 0 1 2 1 0 0 2 1 2 0
2 0 0
32:
2 0 1 0 1 2 0 1 0 0 0 1 1 1 0 1 0 1 0 1 0 0 1 2 0 1 2 0 2 2 1 1 1 2 2 0 1 1 1 2 2 2 1
1 0 1
33:
2 2 2 2 1 1 0 0 1 2 0 1 2 0 0 2 1 0 0 1 0 2 1 2 0 0 0 1 1 0 0 0 1 1 2 0 0 0 2 1 2 2 0 0
2 1 1
34:
1 1 0 0 2 2 1 0 0 1 2 1 1 2 0 1 0 2 2 1 1 1 1 1 0 0 2 1 0 0 1 0 2 2 2 1 1 0 0 0 1 0 1 0 1
1 1 2
35:
0 0 1 1 0 0 0 2 0 2 1 1 1 2 0 2 0 2 0 2 1 0 1 2 2 2 2 0 1 2 0 2 2 0 2 2 1 2 0 1 1 2 0 1 1 2
1 0 1
36:
0 0 0 2 0 1 1 0 0 0 0 0 2 1 0 1 0 1 2 0 0 1 0 2 2 1 2 2 2 1 2 2 1 1 1 0 0 1 0 1 2 1 2 1 2 1 0
2 1 2
37:
2 0 2 0 2 2 1 1 1 1 1 0 2 2 1 0 2 2 1 1 1 1 0 0 2 2 2 0 2 0 2 2 1 1 0 0 1 0 0 0 2 1 2 1 2 2 0 1
2 1 1
38:
2 2 2 1 0 0 0 1 2 2 2 0 1 1 2 0 1 1 2 0 0 1 0 2 1 2 2 0 2 2 1 0 2 0 0 2 1 1 1 1 0 2 2 0 2 1 0 0 0
0 1 1
39:
0 2 1 2 1 2 2 1 2 0 0 1 1 0 1 2 1 1 1 0 1 2 0 1 1 2 0 0 0 1 2 1 2 1 0 2 2 2 1 1 0 0 0 2 2 0 2 2 2 1
2 2 0
40:
2 2 1 0 1 1 1 1 1 0 1 2 0 0 1 0 2 2 1 2 1 1 0 2 1 2 1 1 0 2 1 2 1 0 2 0 1 0 1 2 0 2 2 0 0 2 2 0 2 2 2
1 1 0
41:
1 2 1 1 0 2 1 0 2 2 2 1 1 2 0 1 2 1 0 0 0 2 1 2 1 0 2 1 2 1 0 1 2 2 1 2 2 1 1 0 0 0 2 0 2 0 0 0 1 0 2 2
1 2 2
42:
2 1 0 2 0 2 2 2 0 1 0 2 1 1 0 1 0 1 2 2 2 1 0 0 0 0 2 2 0 0 1 0 0 1 2 0 0 2 0 0 2 1 1 0 0 2 1 1 2 1 1 1 1
1 2 1
43:
2 0 1 1 2 0 2 0 1 0 0 2 1 2 0 2 1 2 0 1 2 1 2 1 2 1 1 1 2 2 0 0 1 0 1 1 1 0 2 2 1 1 2 1 0 0 1 1 2 0 0 1 0 2
1 0 1
44:
2 1 0 1 1 0 0 1 2 0 0 1 2 2 1 0 1 2 1 0 1 0 1 1 2 1 2 2 1 1 1 0 2 1 2 2 0 1 1 0 0 1 2 0 2 2 0 0 1 0 0 2 2 0 0
1 0 1
45:
2 0 1 2 2 0 2 0 1 0 1 1 2 0 0 2 0 1 0 1 0 1 0 1 0 0 1 1 2 1 0 2 0 0 1 1 2 2 2 1 1 0 2 2 1 2 2 2 1 0 1 2 2 1 1 0
2 2 0
46:
0 1 0 0 0 1 1 1 1 0 1 0 0 1 2 0 0 0 2 0 1 1 0 2 2 2 2 0 0 0 0 1 0 0 1 2 2 0 2 0 0 1 0 0 2 1 1 1 0 1 1 0 2 2 1 1 2
2 2 1
47:
2 0 1 1 0 2 0 2 0 0 0 1 1 2 1 0 0 2 1 0 1 1 0 2 1 1 1 1 0 0 1 2 0 1 0 1 2 0 1 1 1 2 1 0 0 1 0 2 2 0 1 0 1 2 2 0 0 2
2 2 1
48:
1 1 2 2 1 0 0 2 0 0 2 1 0 0 0 2 0 2 1 1 1 1 1 1 0 2 1 2 1 2 1 0 2 1 1 2 1 1 2 0 0 2 1 1 0 1 0 1 0 1 1 2 1 2 1 0 1 1 1
0 0 2
49:
2 1 2 0 2 2 0 0 2 0 0 0 1 0 2 2 2 0 2 1 0 2 1 1 0 0 1 0 2 1 1 2 0 2 2 2 0 1 1 2 0 1 1 1 2 2 0 2 2 2 2 2 1 2 2 1 1 0 2 0
0 0 1
50:
0 1 2 0 1 1 2 2 2 1 2 1 2 2 1 1 2 2 2 0 1 2 1 0 0 1 0 2 2 1 1 2 2 0 1 2 2 1 1 0 0 1 2 2 0 1 2 1 1 1 0 1 1 2 0 1 2 0 0 0 2
2 0 0
51:
1 1 2 0 1 2 0 1 2 2 2 0 1 0 0 2 0 1 0 0 1 2 0 0 0 2 2 1 0 1 0 0 1 1 1 1 0 0 0 2 1 1 1 0 2 2 1 1 0 1 0 1 1 1 0 2 1 0 2 2 2 2
1 0 1
52:
1 2 2 2 0 0 2 1 1 0 1 2 0 0 2 1 2 2 0 2 0 0 2 2 1 0 2 1 0 0 1 1 2 0 0 1 2 0 2 1 1 0 1 1 2 1 2 1 0 0 0 0 1 1 1 2 1 0 1 1 0 0 0
2 2 0
53:
1 1 0 1 1 2 0 1 2 1 1 0 2 2 1 1 1 2 1 0 2 2 1 1 0 2 0 2 2 2 0 0 0 1 0 2 1 2 0 0 2 1 0 1 2 2 0 2 0 1 1 2 2 0 0 2 1 1 1 0 2 1 2 1
0 2 2
54:
0 2 0 1 2 0 2 2 2 0 1 1 2 0 0 1 2 1 0 2 0 1 1 1 2 2 0 2 1 2 2 1 0 2 1 1 1 2 2 1 1 1 0 2 0 2 1 1 0 0 1 2 1 1 1 0 2 0 0 2 2 1 0 1 0
0 2 0
55:
0 2 0 2 0 1 1 1 0 0 2 1 1 0 2 0 2 1 2 1 2 2 2 2 2 1 2 0 1 0 1 1 0 2 2 1 2 0 0 0 0 0 1 0 1 0 1 2 0 1 2 2 1 0 2 2 0 0 0 2 0 1 0 2 1 1
0 0 1
56:
1 1 1 1 2 2 0 0 0 1 2 2 2 2 0 1 1 2 0 1 1 1 2 0 2 0 0 1 0 1 2 1 2 0 2 0 2 2 2 1 1 1 0 2 0 2 2 0 0 2 1 1 2 0 1 0 1 0 1 0 1 2 0 1 2 1 2
0 1 1
57:
0 1 1 2 0 0 0 1 1 1 0 0 2 2 0 0 1 2 2 1 1 1 2 0 1 1 1 2 0 2 0 1 1 0 1 1 1 0 2 2 1 0 2 1 0 2 0 0 0 2 2 2 1 2 0 2 1 1 2 0 1 1 2 2 2 1 1 1
1 0 1
58:
0 2 1 0 1 0 2 2 1 2 0 1 1 2 0 0 2 2 0 2 2 2 2 2 0 0 2 1 0 0 0 1 0 2 0 0 0 1 0 1 2 0 1 2 0 2 2 0 2 2 2 2 1 2 0 2 2 2 0 1 0 1 1 2 0 2 1 0 2
1 0 0
59:
0 0 1 1 2 0 1 0 0 2 0 2 1 0 1 2 0 1 1 0 0 0 2 0 0 2 1 0 1 2 1 2 2 1 2 0 1 2 0 1 1 1 0 2 1 1 2 2 0 2 1 1 0 2 0 0 2 2 2 1 0 2 2 1 0 0 2 2 1 0
2 0 0
60:
0 2 1 2 0 1 1 1 0 2 1 2 2 2 1 0 0 1 2 1 1 2 1 1 0 2 1 1 0 2 0 1 0 1 2 1 2 2 0 2 0 2 2 0 2 0 2 0 2 2 0 0 2 0 1 2 1 0 2 0 0 2 1 1 1 2 0 0 2 0 2
0 0 1
61:
2 0 2 2 1 1 2 0 0 2 1 2 2 0 2 0 2 2 0 2 1 1 0 0 2 1 2 0 1 1 0 1 0 1 2 2 1 2 2 1 1 0 1 0 0 1 1 0 1 2 1 2 1 0 2 2 0 2 2 0 2 0 1 2 2 0 2 2 1 1 2 1
0 2 0
62:
1 0 1 0 2 0 2 2 2 1 2 2 1 0 2 2 1 1 0 2 0 0 2 1 0 1 2 2 1 1 1 1 1 1 0 1 2 0 0 0 2 0 2 0 2 2 2 2 2 1 0 2 0 0 0 2 2 1 0 0 1 0 0 1 2 2 1 0 1 1 1 0 0
0 2 0
63:
1 0 2 1 0 2 2 1 2 0 2 0 1 0 1 2 2 2 1 2 0 0 2 0 1 2 1 0 0 0 2 1 0 0 1 0 1 2 0 1 0 1 0 0 2 2 2 2 0 2 0 1 2 1 0 0 0 1 2 2 2 1 2 0 1 2 2 2 0 2 2 2 2 0
1 2 2
64:
2 1 1 1 2 1 1 0 1 2 2 1 0 0 0 2 2 2 1 1 2 2 2 1 2 1 1 2 0 1 2 1 2 2 0 1 2 1 1 2 0 0 1 2 1 2 1 2 0 2 2 0 1 1 0 2 0 2 2 0 1 0 2 2 2 0 2 2 0 1 0 0 0 0 0
1 0 1
65:
2 2 0 1 1 0 2 0 2 1 0 0 1 0 2 1 2 0 2 0 2 2 0 1 1 2 1 1 2 0 1 2 1 2 0 0 2 2 0 1 0 1 0 1 0 0 0 1 2 0 1 1 2 1 2 1 2 2 0 0 2 1 1 0 1 0 1 1 1 0 2 0 2 2 2 2
0 2 0
66:
2 1 0 1 1 0 1 1 0 2 1 1 1 2 0 0 0 0 0 1 2 1 2 2 0 2 1 2 2 1 0 1 0 0 1 0 0 1 0 0 1 0 2 1 1 2 2 0 1 2 2 1 0 2 2 0 1 1 1 0 2 0 0 1 1 2 2 2 2 1 0 2 2 0 1 1 1
1 0 0
67:
2 2 1 2 1 2 0 2 1 2 0 1 0 2 2 1 2 1 0 1 2 0 1 1 1 0 0 1 1 1 2 1 2 1 1 0 0 1 2 0 2 0 1 0 2 0 1 2 1 2 0 0 0 1 2 1 1 1 2 1 1 2 2 0 1 1 2 2 0 2 0 1 0 0 1 1 1 2
0 2 2
68:
1 2 0 2 1 1 2 2 0 2 1 0 0 2 0 0 0 0 1 2 2 2 2 2 0 0 0 1 1 1 1 2 1 0 0 0 0 2 0 2 0 1 2 1 1 2 1 2 0 0 1 2 2 1 0 2 1 2 0 1 1 2 2 2 1 0 1 0 1 1 0 2 2 0 0 0 1 0 1
1 0 1
69:
2 0 0 2 1 0 2 2 0 0 0 1 1 2 2 0 1 1 1 1 1 1 0 2 1 0 1 2 1 2 1 2 0 2 2 1 0 0 0 1 0 0 2 1 1 0 2 2 0 0 2 2 0 2 2 1 1 0 2 2 1 1 1 1 2 2 0 1 1 1 0 2 2 0 2 1 2 2 1 1
1 1 0
70:
0 2 1 0 1 1 2 2 1 1 2 2 0 2 1 1 1 1 1 0 1 2 1 2 1 0 0 2 2 0 1 0 2 1 0 2 2 0 0 1 0 0 2 0 2 1 0 2 2 2 1 0 2 0 2 1 2 2 0 2 2 0 1 2 2 0 1 1 2 2 1 0 0 0 0 1 0 1 2 0 0
0 1 0
71:
0 1 2 2 1 2 1 1 1 0 1 0 2 0 0 1 1 0 2 2 2 1 0 2 2 2 2 0 0 0 2 0 2 1 0 0 2 2 2 1 1 2 2 2 0 2 2 0 1 2 1 0 0 1 2 1 2 0 0 2 1 1 1 1 2 2 2 0 0 0 1 1 1 2 0 0 2 1 1 2 2 2
1 2 1
72:
1 2 2 2 1 1 2 1 2 0 2 1 2 1 0 0 1 1 0 2 0 2 2 2 0 0 1 2 0 1 2 1 0 2 1 2 2 2 1 0 0 2 2 0 1 0 2 1 2 0 1 2 0 0 0 2 2 0 0 2 0 1 1 1 2 0 0 2 2 1 0 0 0 1 2 2 0 2 2 2 2 2 0
1 1 2
73:
2 1 0 1 0 2 1 2 0 1 0 2 2 1 0 1 2 2 2 1 1 0 1 0 2 0 0 2 1 1 1 0 0 2 1 0 2 1 2 1 2 1 1 2 2 0 0 2 1 2 0 1 1 0 2 1 2 2 1 0 0 2 2 1 2 2 2 2 2 1 0 0 0 1 2 1 1 2 1 1 0 1 1 0
1 2 1
74:
1 0 0 1 1 2 1 0 2 2 0 2 2 1 1 2 1 0 0 2 1 0 1 1 2 0 2 2 2 1 0 2 1 2 1 0 2 2 2 0 0 0 1 2 1 0 2 2 0 2 1 0 0 2 2 2 0 0 1 2 2 2 1 2 1 2 2 0 0 0 0 1 1 1 1 2 2 0 0 0 1 0 2 2 1
1 0 1
75:
1 0 2 1 1 2 1 2 2 2 1 1 0 2 1 0 2 1 1 0 1 0 2 0 0 1 2 1 1 1 2 0 1 2 2 0 0 1 0 0 0 2 2 0 1 1 2 0 2 2 1 1 0 2 0 0 2 0 1 2 0 1 2 1 0 1 1 0 2 2 2 0 2 2 2 1 2 0 2 2 0 0 2 2 1 1
1 1 2
76:
1 2 1 0 1 1 2 2 2 2 0 1 2 1 2 1 0 0 1 1 2 2 1 2 0 1 2 2 0 2 1 1 0 2 2 0 1 1 0 0 1 1 2 0 1 2 0 1 0 2 2 0 2 1 0 0 2 0 1 1 2 2 1 2 0 1 1 2 2 1 1 2 0 0 0 0 1 0 2 2 1 1 0 2 2 1 0
2 2 1
77:
0 1 0 0 1 2 1 1 1 2 0 2 2 1 1 0 0 1 1 1 2 0 1 1 1 0 0 2 1 2 0 1 1 0 1 2 0 1 0 1 1 1 0 1 1 0 1 2 2 0 1 0 2 0 2 2 1 1 0 1 1 1 1 1 0 2 1 2 1 2 1 2 0 1 1 0 1 2 0 1 2 2 1 1 1 2 0 2
2 1 2
78:
0 1 1 2 1 1 0 1 2 1 2 1 2 2 0 1 2 1 0 2 2 1 0 2 1 1 1 0 1 0 1 0 1 1 2 2 0 0 2 2 0 2 0 2 2 2 0 2 1 1 1 2 1 1 0 1 0 2 1 2 1 2 0 2 0 2 0 1 0 0 0 0 2 1 2 0 2 0 0 2 1 1 0 0 1 1 1 0 1
1 0 1
79:
2 2 1 2 1 1 1 2 1 2 0 1 1 1 2 2 1 1 1 0 2 1 2 0 1 0 1 2 1 1 2 0 0 0 0 0 0 1 2 0 1 0 2 2 1 0 0 0 2 0 1 1 1 1 2 0 2 0 0 1 2 2 1 2 1 0 0 2 1 1 2 1 1 0 1 0 0 0 2 2 2 0 0 2 1 0 2 2 0 1
1 0 0
80:
1 1 1 2 0 1 1 1 1 2 1 0 2 1 0 0 1 1 2 1 1 1 1 2 1 0 2 1 2 2 2 0 1 2 0 1 0 2 0 2 2 0 0 2 0 2 2 0 0 1 2 1 0 2 2 2 1 1 2 2 2 0 1 1 1 1 2 1 2 1 1 1 2 1 1 0 1 2 2 1 0 2 1 0 2 0 0 0 1 1 1
0 2 2
81:
1 2 2 1 2 0 0 1 0 0 1 2 1 1 2 1 2 1 0 2 1 0 1 1 2 0 0 2 1 1 2 2 1 1 0 0 1 1 1 1 1 2 1 0 1 2 0 1 2 1 0 2 0 2 0 0 1 0 1 1 0 0 0 1 0 0 0 1 1 2 2 2 2 2 1 2 2 2 0 1 2 0 0 0 0 1 0 0 1 0 2 0
0 0 1
82:
1 2 1 0 1 2 0 0 0 1 0 0 0 2 0 2 0 2 0 0 2 1 1 2 0 2 2 0 2 0 2 0 0 1 0 2 1 1 1 1 0 2 2 1 2 1 2 0 0 1 2 1 2 2 2 2 2 0 0 0 2 1 1 0 1 0 0 1 0 2 0 2 0 2 0 2 1 2 2 2 2 1 0 1 1 2 0 0 2 2 2 2 1
1 2 2
83:
1 1 1 0 2 2 0 2 1 0 2 0 2 1 1 2 0 2 1 2 2 2 0 1 1 0 0 2 1 0 2 1 0 0 2 2 0 2 2 2 0 0 0 0 2 1 1 1 1 2 2 1 0 2 0 0 0 0 0 0 2 0 0 1 0 1 2 0 0 1 0 0 2 1 2 1 1 1 2 1 0 2 2 2 1 1 0 0 0 1 2 0 2 1
2 1 2
84:
1 1 2 1 1 1 0 1 0 2 0 0 0 1 1 0 0 1 2 1 2 2 2 1 1 0 2 0 1 2 0 1 2 1 2 2 0 0 2 2 2 2 1 1 2 0 2 2 2 1 1 0 0 0 1 0 1 1 0 0 1 0 1 2 2 0 2 1 0 2 1 1 2 2 1 1 2 0 2 1 1 1 1 1 2 1 0 2 1 2 2 0 1 1 0
1 2 2
85:
1 0 1 0 0 2 0 2 0 2 2 1 2 2 2 1 1 2 0 2 2 1 0 1 2 0 1 0 1 2 2 2 2 1 1 1 1 1 1 1 0 2 1 2 2 1 2 2 2 0 0 0 0 1 2 0 1 2 2 1 0 2 2 1 2 0 1 2 1 1 1 0 0 2 2 2 2 0 0 2 0 2 1 0 0 0 1 0 2 1 0 2 0 2 0 2
2 0 2
86:
2 1 2 1 2 0 1 1 1 0 1 2 2 1 1 1 0 1 2 2 1 2 2 2 0 0 1 1 1 0 1 1 2 2 1 2 2 2 0 1 0 1 0 1 2 2 2 1 2 2 1 2 1 2 2 1 1 0 1 0 2 0 0 2 1 0 1 2 2 0 0 2 0 0 0 0 2 1 1 1 2 2 0 0 1 2 2 2 0 2 0 1 1 2 2 0 2
2 1 1
87:
2 2 1 0 0 1 1 0 2 2 0 0 0 1 2 1 1 1 1 2 1 1 1 1 0 2 1 2 1 0 1 2 0 0 2 2 0 2 1 0 1 2 1 0 1 2 1 2 1 0 2 1 2 0 0 0 2 2 0 2 2 1 1 0 0 1 0 2 0 1 1 1 2 0 1 1 1 1 2 1 1 0 2 0 1 1 0 1 1 0 2 1 2 1 2 2 1 1
2 2 0
88:
1 0 1 0 2 2 2 0 1 1 0 1 1 2 1 2 0 1 2 0 2 0 0 0 2 1 2 0 2 2 0 1 2 0 2 0 0 1 0 1 2 2 2 0 0 1 2 1 1 0 2 1 1 1 1 1 0 2 1 2 2 2 2 2 0 0 0 1 2 0 1 1 2 0 1 1 2 1 1 1 1 0 1 2 1 0 1 1 2 0 0 2 0 2 2 2 0 2 0
0 2 0
89:
0 0 0 1 1 2 2 0 0 1 1 2 0 1 0 0 0 0 1 0 2 2 1 0 2 2 0 1 0 1 1 1 1 1 2 2 1 0 0 1 0 1 0 2 0 2 0 0 0 1 2 2 2 2 0 1 2 0 0 0 2 0 1 0 0 2 1 1 1 2 2 2 2 0 2 1 0 1 1 0 2 1 1 1 0 2 2 1 2 1 2 1 0 0 0 0 0 1 2 0
1 2 2
90:
2 0 2 2 2 1 0 2 0 0 1 2 2 1 2 1 2 2 1 2 1 2 0 1 2 1 0 0 1 1 0 2 2 0 2 1 2 1 0 2 2 1 1 2 1 2 1 2 0 0 1 2 2 2 2 2 2 1 2 0 2 0 1 0 1 1 0 2 0 1 0 1 2 0 0 1 1 1 1 2 2 1 1 1 0 0 0 0 1 2 0 2 1 1 2 0 0 1 2 0 2
0 2 0
91:
2 1 0 2 0 2 0 2 0 2 0 1 1 1 0 2 2 2 0 1 0 0 0 1 0 0 2 0 1 1 0 0 2 2 0 0 0 0 1 1 2 1 0 0 1 2 2 1 1 2 1 0 1 0 0 2 2 0 2 2 1 0 1 0 2 1 1 0 2 1 1 2 1 0 2 2 0 0 1 2 1 1 0 1 1 0 0 0 2 0 0 0 1 1 2 2 1 0 2 2 0 2
1 2 1
92:
2 1 0 2 2 2 2 1 0 2 2 1 1 1 2 0 2 1 2 0 0 2 2 1 2 0 1 0 1 1 0 0 0 0 0 0 0 0 0 1 1 0 2 1 0 1 1 1 1 1 1 1 1 2 2 2 0 1 2 2 2 0 1 0 1 1 1 1 0 0 1 0 0 2 1 1 1 0 1 2 2 1 2 0 1 1 1 1 0 2 1 2 0 1 0 0 0 2 0 1 2 0 0
1 0 0
93:
2 0 1 1 2 0 2 1 1 2 1 0 1 2 2 2 2 0 1 0 1 0 2 2 1 0 2 0 2 2 0 0 1 2 2 1 0 2 2 2 1 1 2 1 0 2 0 0 2 2 2 0 1 1 0 0 2 0 1 0 0 2 2 1 2 1 1 1 2 1 1 2 1 1 2 1 2 0 0 1 1 0 1 2 0 0 0 1 2 2 1 1 1 2 0 1 2 0 0 1 1 1 0 1
1 2 2
94:
2 2 2 2 2 1 1 1 1 2 0 0 2 1 2 2 2 1 1 1 2 1 0 0 1 1 1 0 2 0 2 2 1 2 1 1 0 2 2 0 2 0 2 1 2 0 1 0 0 0 1 2 2 0 2 1 0 1 2 2 1 2 1 1 1 1 2 1 0 0 1 1 2 2 1 0 0 2 0 0 1 1 0 0 0 1 2 1 0 2 0 2 1 2 0 0 0 1 1 2 2 1 1 1 2
2 1 1
95:
2 0 0 1 0 1 0 1 2 0 1 1 0 2 0 0 1 1 0 1 1 1 2 2 1 2 1 0 0 1 0 0 1 0 1 1 2 2 0 0 1 0 0 1 1 2 0 0 1 0 1 1 1 2 0 2 1 1 1 2 1 1 1 1 1 1 0 0 1 0 0 2 1 1 2 0 2 0 0 0 0 0 1 0 2 0 0 1 2 1 1 2 1 1 1 1 0 2 2 0 0 1 1 0 1 2
1 1 2
96:
2 0 2 0 0 1 1 0 2 1 2 1 1 2 0 2 2 1 1 0 1 1 1 1 1 2 1 1 2 2 2 2 0 2 0 1 1 0 1 0 2 2 2 0 1 1 2 0 0 2 2 2 1 2 2 2 2 2 2 0 2 1 1 0 2 1 1 0 2 1 0 0 0 1 1 2 2 2 1 0 1 0 2 0 2 0 2 1 2 1 0 1 0 1 2 0 1 0 0 2 0 0 0 0 1 1 0
2 0 0
97:
2 0 1 2 0 2 2 1 0 0 1 2 2 0 0 1 0 1 2 0 0 1 1 1 0 1 0 0 1 1 2 2 1 0 1 0 0 0 0 2 1 0 1 0 0 0 1 0 2 1 1 2 2 1 1 1 1 0 1 0 2 0 1 1 0 1 1 2 2 1 2 2 0 1 2 2 2 0 2 2 2 1 1 2 2 2 2 1 0 2 1 0 1 1 2 1 2 0 2 0 1 2 0 1 2 1 2 1
1 0 1
98:
2 2 0 1 1 0 1 0 0 0 0 1 2 0 1 0 1 1 2 0 1 0 0 1 1 1 0 0 2 1 0 1 0 0 1 2 1 2 0 2 2 0 2 1 1 2 0 0 0 0 2 2 0 2 2 1 0 0 2 2 1 1 0 2 0 2 1 0 1 1 0 0 2 0 1 2 0 1 2 2 1 2 1 1 0 0 0 0 0 2 2 1 0 1 1 2 0 0 0 0 1 1 2 1 0 2 2 2 2
2 2 0
99:
1 2 0 2 0 1 0 0 1 1 0 0 1 0 1 2 1 0 0 2 0 0 0 1 1 2 2 1 1 2 1 0 2 0 2 0 1 0 1 1 1 1 0 1 2 2 1 1 0 0 2 1 1 2 1 2 0 0 1 0 0 0 2 0 1 0 2 2 0 0 0 2 2 2 0 0 0 1 0 1 0 2 0 2 1 0 1 1 2 0 1 1 0 2 1 0 0 2 0 0 2 2 2 0 0 2 0 2 2 0
0 0 1
100:
2 0 2 1 2 1 1 2 2 1 1 1 1 0 0 1 2 2 0 2 0 0 1 1 0 0 2 1 2 0 1 1 2 2 0 1 2 2 0 0 0 0 2 2 1 2 0 1 0 2 1 2 1 0 2 1 1 1 2 2 2 1 1 1 2 2 0 0 2 2 1 0 1 2 2 0 0 0 1 0 2 2 2 1 0 1 1 2 2 0 2 1 1 2 2 1 0 1 0 2 2 1 2 1 0 0 0 2 1 0 0
1 0 1
101:
1 1 1 1 1 2 0 0 0 1 0 1 2 1 1 0 0 1 1 1 0 2 0 0 0 2 0 1 1 0 1 1 1 0 2 1 2 0 0 2 2 1 2 1 1 1 0 1 1 1 1 0 2 1 1 1 2 0 2 2 2 0 1 1 1 1 1 0 2 1 1 2 1 0 0 0 0 1 2 1 0 2 0 2 2 1 1 1 2 0 1 0 2 2 1 0 2 2 1 1 0 2 0 2 2 0 2 2 1 1 2 0
0 0 1
102:
0 0 2 2 1 0 2 0 0 0 1 2 2 2 1 2 1 1 2 2 2 1 1 0 1 2 1 2 2 1 1 0 1 2 1 1 0 2 1 2 0 1 2 2 2 2 0 2 1 2 0 1 2 1 2 1 0 1 0 2 2 2 0 1 0 2 2 1 1 1 0 0 0 0 1 1 0 0 0 1 0 0 1 1 1 2 1 2 2 1 1 2 0 0 1 1 2 0 1 1 2 0 0 2 2 1 1 0 2 2 2 0 1
2 2 1
103:
0 2 2 0 1 0 1 2 0 0 2 1 1 1 2 2 2 0 0 0 2 1 0 0 1 1 1 0 1 0 2 1 2 1 2 2 2 2 2 2 0 2 1 0 1 0 2 0 2 0 1 1 0 0 0 0 2 0 2 0 1 2 1 2 2 1 0 0 1 0 0 0 0 1 2 2 1 0 1 2 2 2 2 0 1 1 0 0 1 0 1 0 0 1 1 2 0 1 0 2 0 1 2 1 2 0 0 2 0 1 2 0 1 2
1 2 2
104:
0 2 2 1 1 0 1 0 2 0 0 0 0 0 1 1 2 2 1 0 2 0 1 0 0 2 2 1 2 2 1 1 2 0 0 2 1 2 1 0 2 0 0 0 2 2 2 0 0 0 2 0 1 1 1 0 0 2 1 0 0 2 2 2 0 1 2 0 1 2 0 2 2 1 0 0 2 1 2 2 2 1 2 0 1 0 2 0 0 0 1 2 2 2 1 2 0 0 2 0 1 0 2 1 0 2 1 1 1 0 0 2 0 1 1
2 1 2
105:
0 2 0 1 2 2 0 1 1 0 1 1 2 1 1 1 1 2 0 0 2 1 2 1 1 0 1 0 1 0 1 0 1 1 1 2 0 1 1 0 2 0 0 1 0 0 1 2 0 1 2 0 0 2 0 2 1 1 1 0 0 1 2 0 0 2 1 0 1 1 2 1 1 1 0 0 0 2 2 0 2 0 2 1 1 2 0 1 0 0 2 0 1 0 2 1 2 1 0 0 0 1 0 0 0 1 2 2 0 1 0 1 2 0 0 2
2 2 1
106:
1 0 1 1 1 0 2 0 1 0 1 1 1 1 0 1 2 2 1 2 2 1 0 0 1 2 2 1 1 1 1 0 2 1 2 0 1 1 0 0 1 0 1 2 1 1 0 0 2 1 0 2 1 0 0 0 1 2 0 2 1 1 0 1 2 2 1 0 0 0 2 2 2 0 0 0 1 0 1 0 1 2 2 2 2 1 2 1 1 1 1 1 1 1 2 2 1 1 0 2 0 0 2 1 1 2 0 1 1 1 2 2 0 2 2 1 1
0 1 0
107:
1 1 1 1 1 1 2 2 1 0 1 2 2 0 2 0 0 2 0 1 1 1 2 0 0 0 1 2 1 0 1 0 0 2 2 2 2 1 0 0 1 1 0 1 1 2 0 0 2 1 0 1 0 1 0 0 0 1 0 1 2 2 0 2 1 0 2 0 1 1 2 1 1 0 1 0 0 0 2 0 0 1 1 0 1 0 0 0 1 2 1 1 1 2 2 1 0 1 2 1 2 0 1 1 0 1 1 0 1 1 1 2 2 2 2 2 2 0
2 1 1
108:
0 0 0 2 1 1 1 1 0 2 1 0 2 2 2 2 0 0 1 2 0 0 1 0 2 1 1 0 1 1 0 1 1 1 1 0 0 2 0 1 1 2 1 1 2 0 0 1 2 2 1 2 2 0 1 2 1 1 1 1 0 0 2 1 1 2 1 0 1 2 0 0 2 1 2 2 1 0 0 0 2 0 1 0 2 1 1 2 1 2 0 2 1 2 0 2 2 2 0 2 0 2 1 1 1 0 2 1 0 0 2 1 1 0 0 1 0 1 1
1 1 2
109:
1 0 0 0 0 1 1 0 2 2 0 0 1 2 1 2 1 1 2 0 1 2 1 1 2 2 2 0 2 0 2 2 0 2 2 0 2 2 0 0 0 2 0 1 2 2 2 0 0 0 1 1 1 1 2 1 2 0 0 0 0 2 0 0 0 1 2 2 0 2 1 1 2 1 0 0 1 1 0 1 2 0 1 1 2 1 1 1 1 0 0 1 0 1 1 0 0 0 2 1 0 0 2 1 0 2 2 1 2 2 2 0 0 1 2 1 1 0 0 1
1 1 0
110:
0 2 0 2 0 0 1 0 0 0 1 0 1 0 2 2 2 2 0 2 0 0 0 0 2 0 1 2 2 0 1 1 0 2 0 1 0 0 2 2 1 2 1 2 0 0 2 2 2 1 2 1 2 1 1 1 1 1 2 1 2 1 0 1 1 1 0 0 2 2 0 2 2 1 2 2 1 1 0 0 0 2 0 2 2 1 0 2 0 0 2 1 1 0 2 0 1 0 0 2 2 1 1 0 2 2 0 0 0 2 2 0 1 1 2 0 0 0 2 1 2
0 1 0
111:
0 1 0 0 1 2 2 0 1 1 2 1 2 1 1 2 2 1 1 1 2 1 2 1 1 0 2 0 1 2 1 1 1 2 0 0 2 0 2 0 0 1 2 1 2 1 1 2 2 2 0 2 0 0 1 2 2 2 2 0 2 0 2 1 0 2 2 0 1 1 1 1 0 1 0 1 0 2 1 1 1 1 2 2 0 0 2 1 1 1 1 0 2 0 1 2 1 2 0 0 0 2 1 1 1 2 2 1 0 0 0 0 2 2 2 0 0 1 1 1 0 2
1 1 2
112:
2 1 0 0 1 2 0 0 1 2 0 1 0 0 1 1 1 1 0 1 2 1 2 0 1 1 2 2 1 2 1 1 0 2 2 0 1 1 2 0 1 2 2 2 0 2 1 0 0 2 1 2 2 2 0 0 2 0 2 1 2 1 2 1 2 0 0 1 0 0 0 1 0 0 2 2 1 1 2 2 1 0 0 1 1 0 1 2 1 1 1 1 1 0 2 1 2 0 2 1 1 2 2 0 2 0 1 0 0 2 1 0 1 2 1 1 0 2 1 1 1 0 0
1 0 1
113:
1 1 2 1 1 0 1 1 0 2 0 2 1 0 1 0 2 0 0 0 0 0 2 2 2 1 0 1 1 0 1 2 2 1 1 2 1 0 2 0 1 2 2 0 0 0 2 2 0 0 2 2 1 2 0 2 2 1 1 1 1 1 0 2 2 2 2 2 0 2 0 2 0 0 1 0 1 2 1 2 1 1 0 2 1 0 2 0 1 2 0 1 2 1 1 0 2 1 2 1 1 1 0 1 2 1 0 0 2 0 0 0 1 0 0 2 1 2 0 1 0 1 0 1
0 2 0
114:
0 1 1 0 1 2 1 1 2 2 1 0 2 1 0 0 2 0 0 2 2 2 0 1 1 0 2 2 1 1 1 0 0 2 2 2 2 0 0 2 1 1 2 1 0 2 2 0 2 2 0 0 0 0 1 1 0 1 0 2 0 0 2 1 1 2 1 2 0 0 0 2 0 2 1 2 0 0 0 0 1 0 0 0 0 2 2 1 1 0 0 2 1 0 0 1 1 2 2 0 0 2 1 2 0 1 0 2 0 1 1 0 0 0 2 2 0 2 0 2 2 1 2 2 0
2 0 0
115:
0 1 1 1 1 1 0 1 2 2 1 0 2 0 1 1 2 2 0 2 0 0 0 1 2 0 1 2 1 1 2 1 1 2 0 0 1 1 0 1 0 0 1 1 0 1 0 2 2 0 0 0 1 2 0 1 0 0 0 1 1 0 0 1 0 2 2 1 0 2 1 0 2 1 0 0 2 2 0 0 0 1 0 2 1 0 1 1 1 1 1 1 1 1 1 0 0 0 1 2 1 2 1 0 0 0 1 1 1 1 0 1 0 0 2 0 2 0 1 0 2 2 0 1 1 0
0 2 0
116:
1 0 0 2 1 0 0 2 2 0 0 1 2 2 2 1 1 1 0 2 0 2 0 2 0 1 1 2 1 2 2 0 0 1 0 0 1 2 2 0 0 0 0 1 1 1 0 2 2 1 2 0 0 2 2 2 1 2 1 0 2 1 1 1 1 1 2 2 1 1 1 2 1 0 2 2 2 1 0 1 1 0 2 1 0 0 0 1 1 1 1 1 2 1 1 1 2 0 0 1 2 2 1 1 1 1 1 2 0 2 2 1 2 2 1 0 0 1 0 2 1 1 2 1 0 2 2
2 1 2
117:
0 2 1 1 1 0 0 0 1 1 0 0 0 0 1 1 0 0 1 2 2 1 1 1 1 2 2 2 1 1 1 0 2 1 1 2 2 1 1 0 2 0 0 2 1 0 0 0 0 1 0 2 1 0 0 1 1 1 1 1 1 2 1 1 2 0 2 1 1 1 2 0 0 1 0 2 0 0 2 0 0 1 2 1 0 0 1 1 0 0 0 0 2 1 0 0 2 2 2 2 0 2 2 0 2 2 0 1 2 1 2 1 0 1 1 2 0 1 1 1 0 2 2 0 2 2 1 2
0 2 2
118:
2 1 0 0 1 0 1 2 0 1 0 0 0 2 0 1 1 1 2 0 1 1 2 0 0 0 0 2 2 2 2 2 2 2 2 1 1 0 2 2 1 1 2 1 0 1 0 2 1 0 1 1 0 0 2 2 1 2 2 0 0 2 1 0 2 2 0 2 0 0 2 0 0 2 0 2 2 0 1 0 2 1 2 2 0 2 0 0 2 2 2 1 2 2 2 2 1 2 1 1 2 1 2 0 1 0 0 2 1 0 2 1 0 0 1 2 0 0 1 0 1 1 0 0 2 2 1 0 1
2 0 2
