Base:
0:
2 0 1 2 2 0 2 0 0 1 2 0
0 2 0
1:
0 1 2 0 1 1 1 1 1 1 0 1 1
0 0 1
2:
1 0 1 0 0 0 0 0 0 1 0 0 2 2
2 1 2
3:
1 1 2 0 1 0 0 2 2 1 0 1 0 1 2
0 0 2
4:
0 1 2 0 0 1 2 0 1 0 1 1 1 0 0 1
0 1 0
5:
1 1 2 0 2 2 1 2 0 0 1 1 0 0 1 0 2
2 0 0
6:
2 1 1 1 2 2 1 2 1 2 2 2 2 0 2 1 0 2
1 0 1
7:
1 0 2 0 2 1 2 2 2 2 1 0 0 0 1 2 1 0 2
0 1 0
8:
0 1 1 2 2 1 1 0 1 0 2 2 0 0 1 0 1 0 0 0
1 2 1
9:
0 0 2 1 2 1 0 0 2 2 2 1 1 2 2 1 1 2 2 1 2
1 1 0
10:
2 2 0 1 2 0 2 1 2 1 2 2 0 2 1 1 1 2 0 1 0 1
1 0 1
11:
0 1 2 1 2 2 0 2 1 0 2 2 0 1 2 1 1 1 0 1 2 2 1
1 2 2
12:
1 2 2 2 0 1 0 0 1 1 0 0 0 1 1 1 1 0 0 2 1 0 2 1
0 2 2
13:
0 2 0 1 2 2 1 0 0 1 2 1 1 1 0 0 1 0 2 2 1 1 2 2 0
1 1 2
14:
0 0 1 1 1 2 2 0 1 2 2 2 2 0 0 0 1 2 2 0 1 1 0 2 2 1
1 0 0
15:
0 2 1 0 0 2 0 0 2 2 2 1 0 1 1 1 2 0 1 0 2 2 0 0 1 2 0
0 1 0
16:
0 2 1 1 1 1 0 1 1 1 0 1 2 2 1 1 2 1 2 2 1 0 0 0 2 1 1 0
0 0 2
17:
1 2 2 2 0 1 0 1 2 1 2 1 1 2 1 1 1 1 2 2 2 1 0 2 2 1 0 0 2
1 2 1
18:
1 0 2 0 0 0 1 1 1 1 0 1 0 0 1 1 2 0 0 1 2 1 0 0 2 0 1 2 2 0
0 1 0
19:
0 0 2 0 1 2 2 2 1 0 2 2 0 0 1 1 2 0 1 0 0 1 2 0 0 2 1 0 1 2 1
0 1 0
20:
0 1 0 0 1 0 0 1 1 0 1 2 0 0 0 1 0 0 0 0 1 2 1 1 0 1 0 1 0 2 2 2
1 2 1
21:
2 2 1 2 2 1 2 2 1 0 2 1 0 0 0 1 2 1 1 0 0 1 0 0 1 1 2 2 0 1 0 2 1
1 0 0
22:
2 0 0 1 0 0 0 2 2 2 0 2 0 2 0 2 0 0 0 2 2 1 2 2 0 0 1 2 1 2 2 2 2 2
1 2 1
23:
1 2 0 1 1 0 1 1 2 2 1 1 0 2 1 1 2 0 0 1 0 2 1 1 0 0 2 2 1 2 2 0 2 0 1
2 0 2
24:
1 1 1 1 1 0 2 2 2 0 2 0 1 0 2 1 2 0 2 0 1 1 1 2 0 0 0 1 0 0 0 2 0 0 0 1
1 1 2
25:
1 1 0 0 0 1 2 1 1 1 1 1 2 2 2 0 0 1 0 0 0 2 0 2 2 2 0 0 0 0 1 2 1 1 0 0 2
2 1 2
26:
1 2 2 1 1 0 1 0 2 0 0 2 0 0 1 0 2 1 1 1 2 1 0 2 0 0 0 1 2 2 0 1 2 1 0 0 1 2
0 2 2
27:
1 0 2 0 1 1 1 0 1 0 2 2 0 0 0 0 0 0 2 1 1 0 2 1 2 0 0 2 0 2 0 2 1 1 1 0 1 2 0
2 1 1
28:
1 0 1 0 0 2 2 2 0 0 1 2 0 2 1 1 2 2 2 1 2 2 2 2 1 0 1 1 1 2 0 2 1 0 2 0 2 1 0 2
1 2 1
29:
2 1 1 2 1 2 1 2 0 0 0 2 2 2 1 2 0 2 0 2 2 2 0 2 1 2 1 2 2 2 1 0 1 1 0 0 1 0 0 2 1
1 0 0
30:
0 0 1 0 0 0 2 0 0 1 2 1 0 0 0 0 2 1 1 0 0 1 2 0 0 1 0 0 0 2 1 0 2 0 2 1 0 2 1 0 1 0
1 0 0
31:
0 0 0 2 0 1 1 1 1 0 0 2 1 1 2 2 2 2 1 0 0 0 1 2 1 1 0 0 0 1 1 2 2 2 1 0 1 1 2 0 2 2 2
2 0 2
32:
0 1 2 1 1 0 0 2 1 0 0 1 1 1 0 1 1 1 1 0 1 0 1 0 1 1 0 0 1 0 1 2 2 2 1 1 1 0 2 1 0 0 2 2
2 1 2
33:
1 1 2 2 1 0 0 2 0 0 0 1 0 1 1 2 2 0 0 2 0 0 1 2 0 0 1 1 1 1 1 1 0 1 2 1 2 0 2 2 2 1 0 0 1
0 2 0
34:
1 2 0 0 1 0 2 2 2 2 1 2 1 2 0 0 1 2 2 2 2 2 0 2 0 0 2 2 2 2 0 0 2 2 0 2 0 0 0 1 1 1 1 2 2 0
2 2 1
35:
1 0 1 2 1 0 2 2 1 2 2 1 1 1 0 2 2 2 0 0 1 2 1 1 0 2 2 2 0 2 1 0 2 0 0 0 2 0 0 2 2 2 1 0 1 1 0
1 2 1
36:
0 0 0 1 1 1 1 1 1 0 2 2 0 0 1 0 1 2 2 0 0 2 2 0 1 2 2 0 2 0 1 1 2 1 2 1 1 0 1 0 0 1 0 0 0 2 2 0
2 1 1
37:
1 1 2 0 1 2 2 2 1 0 2 1 0 2 1 0 2 1 1 2 2 0 1 2 2 0 1 0 2 1 0 0 0 2 0 2 2 0 1 0 1 0 1 2 2 1 2 0 0
2 2 0
38:
0 0 0 1 1 2 2 0 2 0 2 1 2 2 0 0 0 0 0 2 2 2 2 1 2 2 0 2 1 1 2 2 2 2 1 1 0 2 1 1 0 0 0 1 2 2 1 1 2 1
0 1 0
39:
0 2 0 2 2 2 2 1 0 0 2 0 1 2 1 1 2 2 2 0 0 1 1 0 2 1 2 2 1 0 2 0 1 0 1 2 2 2 1 0 1 0 0 0 2 2 1 2 1 1 1
1 0 0
40:
2 1 1 1 2 2 2 0 2 2 1 1 1 0 2 0 1 1 0 1 2 2 2 1 0 2 2 1 1 2 1 0 2 0 0 0 2 0 2 1 0 0 0 1 0 2 1 0 1 1 1 1
1 2 1
41:
1 1 1 1 0 0 0 2 2 1 1 2 0 1 1 1 1 0 2 0 2 1 2 2 2 1 0 2 1 0 1 2 2 2 2 1 1 1 1 1 0 0 2 1 1 1 2 1 2 2 1 0 1
2 1 2
42:
1 1 0 1 1 1 0 1 0 0 0 1 1 1 2 1 0 0 2 1 2 2 2 1 2 1 2 1 1 2 1 2 2 1 0 1 2 2 2 1 0 1 0 2 0 1 2 1 2 2 0 2 0 0
2 0 0
43:
1 2 2 1 0 0 2 2 0 2 0 1 1 2 2 2 2 1 1 0 0 0 1 0 0 1 1 2 0 2 1 2 2 0 0 1 1 1 0 1 1 1 0 0 0 2 0 1 2 2 0 2 2 0 0
0 0 2
44:
0 2 0 0 1 1 0 2 2 0 0 2 2 1 2 0 2 1 1 0 1 0 2 2 1 0 0 1 0 2 1 0 2 2 2 0 0 0 1 2 1 2 1 2 0 0 2 2 0 1 2 1 2 0 2 1
1 2 1
45:
0 2 1 0 0 1 2 2 0 1 0 0 2 1 2 0 1 0 0 2 2 1 2 0 1 2 2 0 1 2 0 2 0 2 2 0 0 1 0 2 0 1 2 2 0 1 0 1 2 1 2 2 2 2 1 2 1
0 2 2
46:
2 1 0 1 1 0 2 0 1 2 0 0 0 2 0 2 0 0 2 1 1 2 1 0 2 1 0 0 2 0 0 2 0 0 0 2 2 1 0 2 2 0 2 1 1 2 0 2 0 2 2 2 2 1 1 0 0 0
1 1 0
47:
0 0 1 0 2 2 2 2 0 2 1 1 2 0 0 2 2 1 2 2 1 1 1 0 2 2 1 1 1 2 2 2 0 0 0 2 0 1 2 0 2 1 0 2 2 1 2 0 1 1 2 2 0 2 1 0 0 2 0
1 1 2
48:
0 0 1 2 1 1 2 0 1 0 2 2 1 1 2 0 2 2 1 0 0 2 2 2 0 0 2 0 1 2 1 1 2 1 2 0 2 1 0 0 1 2 2 1 1 0 2 0 2 0 2 1 2 2 2 2 0 0 1 2
1 2 1
49:
2 1 2 2 0 0 1 0 2 1 1 1 2 0 1 2 1 0 0 2 0 0 0 0 1 2 1 2 2 0 1 2 1 1 1 1 2 2 1 0 1 0 1 2 1 1 2 2 2 2 2 1 2 2 2 2 2 2 0 0 0
2 2 1
50:
0 1 2 1 0 1 1 2 1 1 0 2 1 1 1 0 1 1 0 1 0 1 2 0 1 2 2 2 2 1 2 0 0 0 0 2 0 2 2 0 0 0 0 1 0 1 1 0 2 2 2 1 0 2 2 0 1 0 0 1 2 1
2 1 1
51:
2 0 1 0 1 2 2 1 0 1 2 2 2 2 0 1 2 0 2 1 1 2 1 2 2 1 0 1 0 1 0 0 2 0 1 1 1 1 0 1 1 0 0 2 0 2 1 2 2 0 1 1 2 0 1 0 2 0 1 0 2 1 0
2 1 2
52:
0 2 0 0 0 2 2 0 0 1 1 0 0 0 1 2 0 0 1 2 0 1 1 0 0 0 2 0 2 0 2 0 1 0 1 2 1 2 2 0 1 2 0 1 0 1 0 1 0 0 1 1 2 1 2 1 1 2 2 2 2 0 0 0
1 1 2
53:
2 1 1 2 1 2 1 0 0 0 1 2 2 1 2 0 1 1 1 0 0 0 1 0 2 2 2 0 0 2 1 1 1 2 0 0 2 1 2 1 0 0 1 0 2 1 0 0 1 2 1 1 1 1 2 1 1 0 1 1 0 1 1 2 0
0 0 2
54:
1 1 1 2 0 2 0 0 1 0 1 2 1 0 0 0 0 0 2 1 2 1 1 1 1 2 1 1 2 0 0 1 1 1 1 2 2 0 0 2 2 2 2 1 1 1 0 2 0 2 2 1 0 1 2 0 1 1 1 1 0 1 2 1 1 2
0 0 1
55:
2 1 1 2 2 0 0 1 0 0 2 2 2 1 2 2 2 2 0 1 0 2 2 2 2 0 1 1 0 1 2 0 1 2 1 0 2 2 2 2 2 1 1 0 2 1 0 1 2 1 0 0 2 0 0 0 2 1 2 1 1 2 1 0 0 1 0
2 0 0
56:
2 1 1 0 0 0 0 1 1 0 2 2 1 0 2 0 2 1 2 1 0 1 2 0 1 1 2 1 0 2 0 1 0 0 1 2 1 2 0 1 2 0 1 1 1 1 1 1 2 1 1 2 2 2 1 1 0 0 2 1 1 0 0 0 2 1 0 2
1 0 1
57:
2 1 1 0 2 2 1 0 2 1 2 1 2 2 1 2 0 1 1 1 0 0 1 1 0 1 2 0 0 1 2 2 0 0 1 0 1 2 2 0 0 2 1 1 2 1 2 2 1 1 2 0 1 0 1 1 2 0 2 1 0 1 1 2 2 1 0 1 2
2 2 0
58:
2 2 0 2 2 2 0 1 0 0 1 0 1 2 1 0 1 0 2 2 1 1 1 1 2 1 1 0 0 0 2 2 1 1 2 0 0 2 2 1 1 2 2 0 0 1 0 2 0 0 1 1 1 0 1 0 1 0 0 2 0 1 0 0 2 1 1 2 2 0
1 1 2
59:
1 0 2 0 1 1 1 1 1 2 0 2 1 1 1 2 0 2 1 0 2 0 1 1 1 0 0 2 2 1 2 0 1 0 1 0 2 1 2 0 0 1 0 1 1 1 1 1 2 0 2 2 0 2 2 0 2 2 2 2 1 1 2 2 2 2 2 2 0 1 1
0 1 0
60:
2 2 1 0 1 2 0 1 2 2 1 1 2 0 1 0 0 2 0 0 2 1 0 0 1 1 2 0 1 1 1 2 1 0 2 2 0 2 1 1 0 2 1 0 0 2 2 2 0 1 2 1 1 0 0 0 2 1 1 1 2 1 0 2 1 1 2 1 0 2 2 1
2 0 2
61:
1 2 1 2 1 2 0 0 1 1 2 2 2 1 2 0 0 0 1 1 1 1 2 0 0 1 0 0 2 1 1 2 0 0 1 1 2 2 0 1 0 0 2 1 1 0 0 0 0 0 1 1 2 1 1 0 0 0 1 2 0 2 2 1 1 1 2 2 1 0 0 0 0
1 0 1
62:
2 2 2 1 0 0 0 1 0 2 2 2 2 1 0 1 2 1 1 0 2 2 1 0 2 1 0 1 2 0 2 0 0 0 1 1 0 1 2 0 0 1 0 1 2 0 0 0 1 1 1 2 2 2 0 2 0 1 2 1 2 0 1 2 1 2 1 0 2 1 1 1 1 1
2 1 1
63:
0 0 2 2 2 1 1 1 1 1 0 2 1 1 2 2 0 0 0 2 2 1 1 1 0 2 1 2 2 1 1 2 1 0 0 1 1 2 0 2 0 1 0 1 1 1 1 2 2 2 1 0 1 2 0 1 0 0 2 2 1 1 2 1 0 1 1 1 0 2 1 1 1 2 0
0 1 0
64:
0 1 0 2 2 1 0 1 0 2 2 2 0 0 0 2 2 1 2 1 0 0 0 0 1 2 1 0 2 0 2 0 2 0 1 0 1 1 0 0 1 0 0 1 2 0 0 0 1 1 0 0 2 2 0 2 2 0 1 1 1 2 2 1 1 1 0 0 1 1 0 2 1 0 0 2
1 1 2
65:
2 1 0 2 2 2 2 2 0 2 2 2 1 0 1 0 2 1 1 2 0 1 1 0 2 1 0 1 2 2 0 0 0 2 1 1 1 2 2 2 0 1 1 1 0 1 2 0 2 1 1 1 2 0 0 2 0 0 1 1 1 2 1 0 0 2 2 0 0 2 2 2 2 2 2 0 0
2 0 2
66:
0 1 1 2 2 1 0 0 0 0 0 0 2 1 2 0 2 0 1 0 2 0 2 1 1 2 0 2 2 1 0 1 2 0 0 2 2 0 2 1 0 0 0 0 1 1 0 1 2 1 0 0 2 1 0 1 2 1 1 0 0 2 2 1 1 2 0 1 2 1 0 1 1 2 1 1 1 2
0 1 0
67:
1 0 2 0 2 1 1 2 0 2 1 0 2 2 1 1 2 1 2 0 2 1 1 2 1 1 0 0 1 2 0 2 1 0 0 1 0 0 2 2 0 0 2 1 2 1 0 2 0 2 2 0 1 2 0 1 0 1 0 2 2 0 2 0 1 0 1 2 1 0 1 1 0 2 0 2 1 2 2
2 1 1
68:
1 1 0 0 2 0 2 0 0 1 1 2 1 2 2 2 1 2 0 0 0 0 1 1 2 2 1 1 2 2 1 1 1 1 0 1 0 0 2 0 0 0 0 0 0 2 2 2 1 1 1 0 0 2 0 0 2 0 2 1 2 0 1 2 0 2 2 2 2 1 0 0 1 1 0 2 0 1 1 0
2 2 0
69:
2 1 1 2 0 2 2 2 0 2 1 1 1 2 1 1 0 1 2 2 1 1 0 1 1 2 2 2 0 1 0 1 1 0 1 1 2 2 0 0 1 0 2 0 1 0 0 1 0 2 0 0 2 1 0 1 1 0 1 0 1 1 2 2 0 1 2 1 2 1 0 0 1 0 2 0 0 1 1 2 0
1 1 2
70:
1 2 2 0 1 1 2 0 2 1 2 2 2 0 0 1 2 1 1 0 2 0 2 2 1 2 0 0 2 1 0 1 2 0 0 0 1 2 1 0 1 0 1 2 1 1 0 2 0 0 0 0 2 2 2 1 0 0 2 2 0 2 0 1 2 0 0 0 1 2 1 0 0 2 1 1 1 1 2 0 2 2
2 0 0
71:
2 1 1 1 0 2 0 1 2 1 0 0 2 1 1 1 2 0 1 0 2 2 2 0 2 2 1 2 2 0 1 2 1 0 2 1 1 1 1 1 0 0 2 1 1 0 2 1 2 0 1 2 2 1 0 0 2 2 1 2 2 1 0 2 2 0 0 2 0 1 0 2 0 2 1 1 2 2 1 1 2 2 0
0 1 1
72:
0 0 0 2 1 0 2 2 0 1 0 0 0 0 0 2 0 0 2 2 2 2 1 2 1 2 0 1 1 2 2 0 1 1 2 1 1 0 1 1 1 2 0 0 1 2 2 2 1 1 1 2 1 0 0 0 1 0 2 1 2 1 2 1 2 0 0 2 1 0 2 0 2 0 2 1 0 2 2 2 2 0 0 1
1 2 1
73:
0 0 2 1 0 0 0 0 0 2 1 1 0 2 1 1 2 1 1 1 0 0 2 0 2 1 0 1 0 1 2 0 0 1 2 0 0 2 1 2 0 2 2 1 2 1 2 1 0 1 2 1 0 1 1 0 2 2 0 0 1 0 0 0 2 1 2 1 0 1 2 2 2 2 0 0 2 0 1 0 0 0 1 2 2
1 2 2
74:
2 0 1 1 0 1 1 2 0 2 2 1 1 1 2 0 2 0 2 1 2 1 2 1 1 2 1 0 1 2 0 0 0 0 2 2 2 2 0 1 0 2 0 0 0 1 2 0 2 2 1 2 2 1 1 2 2 0 1 2 1 1 2 0 0 2 0 0 1 2 2 0 2 0 2 0 2 0 1 0 2 2 1 0 1 2
0 1 1
75:
1 0 2 2 1 1 1 1 2 2 0 1 2 0 0 1 1 1 0 1 0 1 1 0 0 1 2 1 1 1 1 1 0 0 2 0 0 1 2 1 0 0 1 2 2 1 2 0 1 1 0 1 2 1 2 2 1 2 1 2 1 2 0 2 0 2 1 1 0 2 1 1 0 2 0 1 2 0 0 2 1 2 2 1 1 1 1
0 2 2
76:
0 2 2 2 2 0 0 2 2 2 0 1 1 1 1 1 1 1 1 2 2 1 2 2 0 0 2 0 1 0 0 1 0 0 1 0 0 1 1 0 2 2 1 0 0 0 2 2 1 2 1 0 0 1 1 2 0 0 1 2 2 2 2 1 2 1 0 1 2 1 0 1 2 0 2 2 0 2 2 2 1 0 2 0 2 0 1 1
2 0 2
77:
1 1 2 1 1 2 1 0 0 0 0 0 2 1 1 2 0 2 1 2 1 1 1 0 2 2 0 2 0 0 1 1 2 2 1 1 0 2 2 2 0 0 1 2 0 0 1 1 1 2 0 2 2 2 0 0 2 0 1 1 2 1 2 2 0 1 1 2 1 1 0 1 2 2 2 2 1 0 0 1 2 1 0 0 2 2 0 0 0
2 2 1
78:
0 2 2 0 1 1 0 2 1 1 0 2 1 0 2 1 2 0 2 0 1 1 0 0 2 1 0 2 1 2 0 0 2 0 2 2 1 1 2 2 1 0 1 0 0 0 1 0 2 2 1 0 0 1 2 2 0 0 1 2 1 1 0 0 2 2 2 0 1 1 1 1 0 0 1 0 2 0 2 2 0 1 1 2 0 1 2 2 0 2
0 2 2
79:
2 0 0 2 0 1 2 1 2 2 2 2 2 0 1 0 1 1 2 1 0 1 0 0 1 1 0 2 2 2 1 1 0 0 2 1 2 1 2 2 0 1 2 2 1 1 2 2 2 1 2 2 0 0 1 1 1 2 0 2 1 2 1 2 2 1 0 2 2 1 2 2 2 1 1 0 0 1 1 1 1 0 1 0 1 2 0 0 1 2 2
0 2 0
80:
0 0 0 1 2 0 2 0 2 2 0 0 1 2 0 1 2 1 0 0 0 2 1 0 1 0 2 2 2 2 0 2 2 1 0 1 1 2 0 0 0 0 1 2 2 0 0 0 2 1 0 0 2 0 0 2 2 0 2 1 2 1 1 1 1 2 2 2 2 0 1 0 1 2 0 0 1 0 0 2 2 2 0 2 0 2 2 2 1 2 1 2
0 2 2
81:
0 1 1 2 1 0 0 2 1 1 2 1 0 2 2 2 2 0 1 2 0 2 0 0 2 0 1 0 0 1 1 2 0 0 0 0 1 1 1 0 2 2 2 0 0 0 1 0 2 0 0 0 2 2 2 1 1 2 2 0 0 2 2 0 1 1 0 1 0 2 0 2 2 0 0 2 1 2 2 0 1 0 1 0 2 1 1 0 2 1 0 1 0
0 1 0
82:
0 0 1 1 0 2 1 2 0 0 2 0 2 1 1 0 0 1 1 2 2 1 1 1 1 2 2 0 1 0 1 1 0 1 2 2 0 1 2 1 1 0 0 1 2 2 1 2 1 2 1 1 0 0 1 2 2 1 1 1 1 1 1 0 1 1 0 2 1 2 2 1 1 1 1 1 2 0 2 0 1 1 0 1 1 1 1 0 1 1 2 0 1 1
0 2 0
83:
2 1 0 2 2 1 2 2 1 1 1 2 0 2 2 2 2 1 1 1 2 1 0 1 0 2 1 0 0 1 0 2 1 0 2 0 2 1 0 1 1 1 1 0 1 1 1 0 2 1 2 2 2 2 2 2 0 0 2 1 0 0 0 2 1 1 2 2 2 0 2 1 1 2 1 1 0 1 0 2 2 0 1 2 0 0 0 0 2 2 1 2 1 2 2
0 0 1
84:
1 1 2 1 1 0 0 0 2 1 2 1 2 0 1 1 2 1 1 0 1 2 2 1 1 1 0 1 2 0 2 1 1 0 0 0 0 1 0 2 0 2 0 2 2 2 1 0 0 2 1 1 2 0 0 0 2 1 0 2 1 0 2 1 2 1 0 0 2 0 0 0 1 2 0 1 2 0 2 2 1 0 0 1 0 0 1 1 1 0 0 0 2 1 2 1
1 2 2
85:
0 1 1 0 1 2 0 0 2 0 1 1 0 2 0 2 0 2 0 0 0 1 0 2 1 1 1 1 1 2 1 0 0 2 0 0 2 0 0 1 2 1 0 2 1 0 2 2 1 0 1 2 2 2 1 1 0 0 1 2 1 0 1 0 2 0 0 0 1 1 1 1 0 0 2 0 1 1 2 0 1 0 2 2 2 0 0 2 1 0 2 2 2 0 2 1 0
1 2 2
86:
2 2 1 1 0 0 1 1 1 0 1 2 1 0 1 0 0 2 1 1 0 2 2 1 1 1 2 2 2 1 2 2 1 2 2 0 0 1 1 2 2 1 2 2 0 1 2 2 0 0 0 1 1 1 0 1 1 1 0 0 2 1 2 1 1 0 1 1 1 1 1 0 2 0 1 2 0 0 1 1 2 2 1 0 0 2 0 1 1 2 0 0 2 1 0 0 0 0
0 2 0
87:
0 2 2 0 1 1 2 1 2 2 1 2 2 2 0 1 2 0 2 0 0 2 1 1 2 0 0 1 2 0 1 0 1 2 0 1 2 0 0 1 1 1 1 2 1 1 0 2 2 2 2 1 2 2 1 0 0 2 1 1 1 1 2 1 0 1 1 0 0 1 1 1 2 0 0 2 2 1 2 2 1 0 2 0 1 0 0 0 0 1 0 1 0 0 2 2 1 2 1
2 1 2
88:
1 2 1 1 0 1 1 0 0 0 2 0 0 1 1 0 1 0 1 2 1 0 1 0 2 1 1 0 1 0 1 0 2 0 1 2 0 2 2 2 2 0 1 2 0 1 0 1 2 2 0 0 2 1 0 1 0 1 1 1 1 0 0 1 1 1 2 1 2 1 2 1 1 0 1 1 0 2 1 2 1 2 0 1 0 2 1 2 1 1 0 0 0 1 2 2 2 0 0 2
2 0 2
89:
0 2 2 0 0 2 0 1 1 0 1 2 2 1 2 1 2 1 0 2 2 2 1 0 2 0 2 0 2 2 1 0 1 0 2 1 1 0 0 1 2 1 0 2 2 0 0 0 2 1 1 2 0 1 0 1 1 2 1 1 0 2 0 2 0 2 0 2 2 0 2 0 1 1 0 0 0 2 1 2 1 2 0 1 1 0 2 2 2 0 2 1 2 2 1 0 0 1 2 1 1
2 0 2
90:
2 1 0 0 0 1 2 2 1 2 0 1 0 1 0 2 0 2 2 1 1 0 1 2 1 2 0 2 1 1 0 2 1 1 2 1 0 2 1 1 2 1 0 1 2 1 1 0 0 1 2 2 1 1 1 1 2 2 2 0 0 1 0 2 1 0 2 1 1 0 0 1 2 1 0 1 1 1 0 1 2 2 1 1 0 2 2 0 2 2 2 0 2 0 2 2 1 1 2 1 1 2
2 0 0
91:
0 0 2 1 0 1 0 0 2 1 1 2 2 0 1 2 0 1 2 0 0 1 0 0 0 0 2 2 1 0 1 0 1 0 2 2 0 0 0 1 2 0 1 2 1 0 1 1 0 0 0 0 0 1 1 1 2 0 0 2 0 1 0 0 1 2 1 0 2 0 1 1 1 2 1 1 0 0 1 2 1 2 2 1 0 0 2 0 2 2 2 0 2 1 0 0 0 2 1 2 0 1 0
1 0 1
92:
2 0 1 2 0 2 2 2 1 2 1 1 0 2 2 2 0 0 0 0 2 1 2 0 2 2 1 1 0 1 1 1 1 1 1 0 1 2 1 2 1 1 0 0 1 0 2 1 0 2 1 0 2 1 1 1 2 0 2 0 0 0 1 1 2 0 2 0 1 0 2 2 1 1 2 2 1 2 2 0 0 0 0 1 0 2 0 0 0 0 1 1 1 0 1 1 0 1 2 0 0 2 1 1
1 1 0
93:
0 2 2 2 0 2 1 1 1 2 1 2 0 2 2 2 2 0 0 0 0 1 2 2 1 0 0 2 0 0 1 0 1 2 2 1 2 2 1 0 0 1 0 1 2 0 2 2 2 1 2 2 1 2 2 1 1 0 2 1 1 2 0 2 1 1 1 0 2 1 0 2 2 0 2 0 2 2 2 2 1 1 1 2 0 0 0 1 1 2 0 1 0 0 1 0 0 0 1 1 0 2 0 1 1
0 2 0
94:
1 1 2 1 2 2 1 1 2 2 0 2 2 2 2 2 0 2 1 2 2 0 1 1 0 1 0 2 2 1 2 0 2 2 1 1 1 1 1 1 2 2 1 2 0 1 0 1 0 1 0 2 1 2 2 1 2 1 1 1 2 0 1 0 2 0 2 2 1 2 0 1 0 0 1 2 1 2 0 1 0 2 1 2 1 0 0 2 1 0 1 1 1 1 0 0 0 0 1 0 2 2 0 1 1 1
1 1 2
95:
1 1 1 0 1 0 1 1 1 1 1 1 0 0 2 2 1 1 2 2 2 2 0 2 0 1 2 2 1 1 1 2 0 2 0 2 2 2 0 1 2 0 1 0 0 1 2 1 1 1 1 1 0 2 2 0 1 0 2 1 2 1 0 2 2 2 1 2 1 2 2 1 1 1 2 0 2 2 2 0 1 1 0 0 1 0 1 2 1 2 2 0 2 0 0 0 0 2 0 1 2 1 1 1 2 2 2
1 2 2
96:
1 1 2 0 2 1 1 2 2 2 1 0 2 1 0 2 0 0 1 2 0 1 1 0 2 0 1 1 1 1 0 0 2 1 0 2 2 0 1 0 2 2 1 0 1 2 0 1 1 0 0 1 2 2 0 0 1 0 2 1 2 0 0 1 0 0 1 0 0 2 2 1 1 0 0 1 0 1 2 2 0 0 1 0 0 0 2 2 0 2 0 2 0 2 1 0 1 1 1 1 2 0 0 2 0 0 0 0
0 1 1
97:
0 0 2 2 2 1 0 1 2 0 1 2 0 2 2 2 1 2 1 1 1 0 1 0 0 0 2 0 2 0 0 0 0 0 2 2 2 1 0 0 2 0 0 2 0 1 1 1 1 1 2 0 1 1 1 1 2 0 0 0 2 0 1 1 0 2 0 1 1 1 0 0 0 0 0 2 1 1 0 0 1 2 0 2 2 0 0 2 0 2 1 0 0 1 2 0 1 2 1 1 0 2 2 0 2 2 2 2 1
1 2 1
98:
1 0 0 2 1 0 1 0 1 2 1 0 2 0 0 0 2 2 2 1 1 0 1 1 0 0 1 2 1 2 0 0 1 0 0 0 1 1 2 1 1 1 0 2 0 2 1 0 0 0 1 2 2 1 2 2 1 2 1 0 1 2 2 2 1 0 2 0 2 2 1 0 0 0 0 0 0 1 1 1 1 2 2 0 1 0 0 2 0 1 1 1 0 1 0 0 1 1 1 2 2 0 0 0 1 0 0 0 1 0
0 0 1
99:
1 0 1 0 1 2 1 2 0 0 0 0 2 0 2 1 1 2 1 1 0 2 2 2 1 0 1 1 0 0 2 2 2 1 1 1 2 0 1 1 1 0 2 1 0 1 2 0 2 2 2 1 2 2 1 2 1 0 1 2 2 0 1 2 1 0 2 1 1 2 0 2 0 1 1 0 0 2 0 1 2 1 0 2 2 1 1 1 1 0 2 0 0 1 1 0 2 0 0 1 1 2 2 2 1 0 2 1 0 1 2
1 0 1
100:
2 0 0 0 0 0 0 0 1 2 0 1 1 2 0 0 1 0 2 1 1 0 2 1 1 2 1 1 0 2 1 0 2 0 0 2 1 1 2 0 2 1 0 0 0 0 0 2 1 1 1 0 1 0 1 2 1 1 1 0 1 1 1 2 2 1 1 1 1 1 1 0 0 1 1 1 2 2 2 0 2 2 1 2 2 2 1 1 2 1 0 0 0 0 1 0 0 1 2 2 2 0 0 1 1 0 0 2 2 0 1 0
2 1 1
101:
1 1 2 2 1 0 2 0 0 2 0 2 2 2 0 2 0 1 0 2 2 2 1 2 0 0 0 0 1 2 1 2 1 1 0 0 1 1 2 1 0 0 0 1 0 0 0 1 0 0 1 0 2 0 0 0 0 2 0 1 1 2 2 1 2 0 0 0 2 2 1 1 1 0 0 2 2 1 2 2 0 0 1 2 0 1 0 2 2 2 1 1 0 0 0 1 1 1 2 2 2 2 2 1 2 2 2 0 1 2 0 0 0
2 2 0
102:
1 1 0 0 2 0 0 0 0 0 1 2 0 0 1 0 2 1 2 2 2 2 2 1 0 2 0 0 1 1 2 1 2 2 2 0 1 2 1 1 0 1 1 2 0 0 1 2 0 0 0 0 0 1 0 2 1 2 0 1 0 2 0 0 1 2 2 2 2 1 1 0 2 0 2 1 0 1 1 0 1 0 2 0 1 2 2 2 0 0 0 2 2 1 2 2 1 0 0 1 1 2 1 1 0 2 1 0 0 1 0 1 2 1
2 2 1
103:
2 0 0 1 0 0 1 1 0 1 1 2 1 0 1 2 2 0 1 2 0 1 1 1 1 1 0 2 0 1 2 0 1 2 2 0 2 1 0 0 2 2 0 0 1 1 1 1 1 0 1 2 0 2 2 0 1 2 2 2 1 1 2 2 1 1 2 0 2 0 1 1 2 0 2 1 0 2 0 1 2 0 0 1 0 0 0 0 1 1 0 1 2 2 1 0 0 0 0 0 1 1 1 1 2 2 0 2 2 1 0 2 1 2 2
0 1 1
104:
0 2 2 0 2 0 1 2 1 1 2 0 2 2 2 1 0 2 0 1 2 0 1 0 1 0 1 2 1 0 0 0 0 0 2 2 1 2 1 1 2 2 2 2 1 0 2 0 2 0 1 0 1 0 1 0 2 2 1 0 1 0 0 2 2 1 2 0 1 2 1 1 2 1 2 1 0 0 0 0 2 0 0 1 1 0 0 1 2 1 0 1 2 2 0 2 1 1 0 1 1 1 0 0 2 0 0 2 1 2 1 2 1 1 2 0
1 0 1
105:
0 2 0 1 2 2 2 2 2 1 2 1 2 2 1 2 0 0 1 0 0 0 2 2 2 1 2 0 2 2 0 0 2 1 2 0 2 2 1 1 1 2 1 0 1 0 2 1 2 2 0 1 2 2 1 2 0 0 2 2 2 0 2 2 0 1 0 2 2 0 2 0 1 2 0 0 1 2 1 0 1 2 0 1 2 1 1 1 0 1 1 1 0 2 2 0 2 0 2 2 1 2 0 1 0 1 0 0 2 1 2 2 2 2 2 2 0
1 0 0
106:
0 1 2 1 1 1 2 0 2 2 1 1 2 1 0 1 0 2 1 1 0 0 1 0 2 2 1 2 2 0 0 0 2 2 0 0 0 0 1 1 0 2 0 0 0 2 0 1 2 1 2 2 0 1 0 2 0 2 1 0 2 0 1 0 2 1 0 0 0 2 0 1 0 1 1 1 1 0 1 2 2 1 1 1 2 2 1 2 1 1 1 1 0 0 0 1 1 1 1 1 0 0 0 2 0 2 2 1 1 2 2 1 0 1 1 2 0 1
1 2 1
107:
1 1 0 2 0 0 0 0 2 0 2 0 1 1 1 2 2 1 0 1 1 0 0 0 1 1 0 2 2 1 0 1 0 0 2 1 1 0 2 1 2 0 1 1 1 2 2 2 1 0 0 1 0 0 2 1 2 0 1 0 1 0 2 0 0 2 1 0 1 2 0 1 0 0 0 2 1 2 1 0 0 0 0 0 0 2 0 0 0 2 0 1 0 1 2 0 2 0 2 0 0 0 0 1 2 1 1 1 2 0 1 1 0 0 0 2 0 2 1
0 0 2
108:
0 2 1 0 1 0 2 2 0 1 1 0 0 1 0 2 2 0 1 0 1 2 2 2 1 1 1 1 1 0 0 1 1 0 0 1 0 0 2 1 2 1 1 0 2 2 2 1 2 0 2 2 0 1 1 0 1 0 2 2 1 1 2 0 1 2 0 0 0 0 1 0 2 1 2 0 0 2 2 0 0 2 2 1 2 0 1 2 0 1 0 1 1 0 2 2 1 1 1 2 1 0 0 0 1 1 0 2 0 0 1 2 2 0 0 2 2 1 2 0
1 0 0
109:
0 2 1 2 0 0 2 0 1 2 2 2 0 2 1 2 2 1 1 2 1 1 2 0 1 0 2 0 1 2 2 0 2 2 2 1 1 0 1 1 1 1 1 1 2 0 1 1 0 2 0 1 0 0 0 1 1 0 1 2 1 0 0 0 0 2 1 1 1 2 1 1 1 0 0 0 2 0 2 0 2 1 2 0 1 2 2 2 1 2 1 0 2 0 1 2 0 1 2 0 1 0 1 0 2 0 2 1 2 2 1 1 2 0 0 0 1 0 1 1 2
0 0 2
110:
0 2 2 2 0 1 0 2 1 1 0 1 0 0 1 1 2 0 2 2 2 0 1 0 2 0 2 2 0 0 2 0 0 2 1 1 1 1 1 2 2 2 2 2 1 2 2 1 2 0 2 1 1 0 0 1 0 1 1 2 2 0 2 2 0 2 0 1 2 1 0 0 1 2 1 1 0 1 0 1 2 0 0 1 0 1 0 2 1 2 1 0 1 1 1 1 2 1 2 0 1 0 2 0 0 2 0 1 1 1 2 1 1 2 1 0 0 0 1 1 0 0
0 2 0
111:
2 0 2 2 0 1 2 1 1 0 2 1 1 2 0 1 0 1 1 0 1 1 0 1 2 2 2 0 0 0 0 0 2 0 0 1 2 0 1 2 2 2 0 0 2 1 0 1 1 0 2 1 2 2 1 2 1 1 2 1 2 2 1 1 1 0 1 1 0 2 0 1 1 2 2 0 0 0 0 2 0 2 2 2 1 2 0 1 2 2 2 0 0 1 0 2 2 0 0 2 0 2 1 2 0 2 0 1 0 2 1 2 1 1 0 0 2 1 1 1 2 0 0
1 1 2
112:
1 1 2 1 1 1 2 1 2 2 0 1 0 1 2 2 1 2 0 2 0 0 1 0 1 2 2 2 1 2 0 2 0 2 0 1 2 2 2 0 0 0 0 1 0 1 1 1 2 0 1 1 0 1 2 1 0 1 0 1 2 0 0 2 0 1 2 2 2 2 0 0 2 1 2 2 0 0 0 0 2 1 0 1 2 0 2 2 0 0 2 0 2 2 1 1 1 2 2 2 1 1 1 1 0 1 0 0 0 1 2 2 0 1 2 1 0 1 0 1 1 1 1 1
0 2 2
113:
2 2 1 0 2 1 1 0 2 1 1 0 1 0 0 1 0 0 0 2 2 0 0 1 0 0 1 2 0 2 0 2 2 1 1 1 1 2 0 0 2 2 2 0 1 0 2 2 1 2 0 0 1 2 0 1 0 2 2 0 1 2 2 0 0 1 1 0 1 0 1 2 0 0 1 1 2 0 1 0 0 0 0 1 0 1 0 1 0 2 2 1 1 2 2 1 1 2 2 2 0 2 0 2 1 1 2 2 2 2 1 2 1 0 0 1 2 0 2 1 1 2 2 2 1
1 2 2
114:
0 1 2 2 2 1 0 1 2 1 1 1 2 1 2 1 2 1 0 0 0 0 2 1 1 1 1 0 2 1 1 2 2 1 0 0 2 2 2 0 0 1 1 1 1 2 2 0 1 2 0 1 2 1 2 1 0 0 2 0 1 0 2 0 0 2 0 0 0 0 0 1 2 0 0 1 0 0 2 1 0 2 0 0 2 1 2 0 1 0 2 2 2 0 0 2 2 1 2 2 2 1 0 1 0 1 2 0 2 0 0 1 2 2 1 2 1 2 2 1 1 0 1 0 0 0
2 2 0
115:
0 1 2 0 1 1 1 0 0 1 2 2 1 0 1 1 1 0 1 0 2 0 0 2 1 1 2 0 0 1 1 2 0 2 0 2 1 1 1 0 2 0 1 2 1 0 0 1 0 1 1 0 0 1 1 2 0 0 2 0 0 1 0 2 1 0 2 2 2 2 1 2 0 2 1 1 0 1 0 2 0 1 1 0 0 2 0 1 2 2 2 0 2 0 0 2 0 1 1 1 2 1 2 2 2 2 1 2 1 2 1 1 1 2 0 1 0 0 1 2 1 2 0 2 2 0 2
2 1 2
116:
1 0 2 0 1 2 1 1 1 1 1 0 1 1 1 2 2 1 0 0 1 2 0 2 1 1 2 1 0 2 1 1 0 0 1 0 2 2 1 2 1 1 2 0 0 2 1 1 2 1 0 1 2 0 1 1 2 1 2 2 2 2 1 2 1 1 1 0 2 1 0 1 1 2 0 2 0 2 0 1 1 0 2 2 1 0 0 1 0 0 1 1 1 2 1 1 1 2 0 1 1 0 2 1 2 0 1 2 1 0 0 1 0 2 2 1 2 0 0 0 2 2 2 1 1 1 0 1
0 1 0
117:
0 1 1 1 2 1 0 2 0 1 2 1 0 1 1 0 1 1 2 1 0 0 2 1 0 2 2 0 0 2 2 1 2 1 1 2 0 1 0 1 0 2 1 1 0 2 2 1 2 2 2 0 1 0 2 0 1 0 2 2 0 2 0 1 0 0 0 1 2 1 2 1 2 1 0 1 1 2 0 1 2 2 1 2 0 0 1 1 2 2 1 2 1 0 1 2 1 2 1 2 0 0 0 2 0 2 2 0 0 1 2 1 1 0 1 1 1 1 1 1 0 1 1 0 1 0 2 1 2
0 0 2
118:
2 1 1 2 1 0 2 2 2 1 2 1 0 1 2 2 0 2 0 2 1 1 2 1 1 0 2 0 2 2 1 2 2 1 2 2 1 0 2 1 0 0 1 0 1 1 0 1 2 2 2 1 2 2 0 0 2 2 1 2 1 0 1 1 1 2 0 2 2 2 1 0 2 0 0 1 2 1 0 1 2 0 2 0 2 2 2 1 2 2 2 0 1 2 2 1 1 1 0 1 0 2 0 1 0 0 0 1 0 2 0 2 0 1 1 1 2 0 2 2 0 2 1 1 2 0 0 1 0 2
2 2 1
119:
2 1 1 2 0 1 2 1 2 2 0 1 1 0 2 0 0 2 0 0 0 2 0 2 1 0 0 1 2 0 1 1 1 1 0 1 2 1 1 2 0 0 1 2 2 1 0 2 1 1 0 1 2 2 1 2 2 1 0 0 1 0 0 0 1 0 1 1 1 2 2 2 2 1 0 1 0 0 1 0 0 0 0 2 1 1 1 1 2 2 0 2 0 0 0 2 2 2 0 1 1 0 1 1 1 2 1 0 2 2 1 2 1 2 2 0 1 1 0 0 2 2 0 1 1 0 2 1 2 2 2
1 1 0
120:
0 1 2 1 1 1 0 0 1 2 2 0 0 2 2 2 1 1 1 0 2 0 2 2 0 2 2 0 1 2 2 1 1 0 0 1 1 2 2 2 0 1 2 2 1 2 1 2 1 0 1 2 2 1 0 1 2 0 2 0 2 1 0 0 1 2 0 0 1 2 2 0 1 2 1 1 2 1 0 2 2 2 2 1 1 1 2 0 2 1 0 0 2 2 0 2 2 2 1 0 0 1 1 1 0 1 2 2 1 0 1 2 2 2 2 0 1 0 2 0 2 2 0 2 0 1 0 1 0 0 2 1
0 2 2
121:
1 1 1 1 0 1 1 0 0 1 0 1 2 2 2 1 0 1 1 2 2 2 1 2 0 0 1 2 1 1 0 2 0 0 0 1 0 1 0 0 2 1 0 1 1 1 0 1 1 0 1 2 1 0 1 0 0 0 0 0 0 0 1 0 2 1 1 0 2 0 1 0 0 0 2 0 0 2 2 0 1 2 0 1 1 2 0 2 2 1 2 0 0 0 1 0 2 1 0 2 2 0 1 1 0 1 1 1 1 0 0 2 2 1 1 0 1 0 0 1 2 1 1 2 2 0 0 2 1 0 0 1 1
1 0 0
122:
2 0 0 1 2 2 2 2 1 0 0 1 1 2 2 2 1 1 2 1 1 0 0 0 0 0 0 2 2 0 0 1 1 1 0 2 1 1 0 0 0 1 1 2 0 0 2 1 1 0 2 2 2 1 0 1 0 2 0 1 0 1 0 0 2 0 2 2 1 0 0 0 1 2 2 2 2 2 2 0 2 2 0 2 2 2 2 2 2 2 1 0 2 2 1 2 2 1 2 0 1 1 0 2 0 0 1 2 2 2 0 1 1 1 1 0 0 0 2 1 1 2 2 0 2 0 2 1 1 0 1 0 0 1
2 0 2
123:
0 1 2 0 1 0 0 0 1 0 1 1 1 0 2 1 0 1 2 1 1 0 2 2 2 2 2 0 0 1 0 2 1 2 0 1 2 1 1 2 0 0 0 1 0 0 2 0 0 1 0 0 2 0 2 1 0 0 0 1 2 2 2 1 0 0 2 0 2 2 0 0 1 2 0 0 0 0 1 1 1 2 0 0 1 1 1 2 0 0 0 0 1 0 1 2 0 2 2 0 1 0 2 0 2 2 0 1 0 0 1 2 0 2 1 2 0 1 1 2 2 1 2 2 1 2 2 1 1 2 1 2 1 0 2
2 0 0
124:
2 0 0 0 1 2 1 0 0 2 0 1 2 2 1 1 2 0 2 1 2 2 2 0 2 1 2 1 1 1 2 2 0 2 1 0 0 1 1 0 1 2 1 1 0 0 1 2 1 1 2 2 0 0 0 2 0 2 1 2 0 0 2 2 0 0 1 1 1 1 0 0 0 2 2 1 2 1 2 1 1 0 1 1 1 2 1 1 0 0 2 1 2 0 2 0 1 0 1 0 0 0 1 2 0 1 2 1 2 0 0 0 1 2 1 2 2 1 1 1 2 2 2 0 2 0 1 1 1 1 1 0 2 1 1 1
2 0 2
125:
0 0 2 1 1 0 2 1 1 2 0 2 2 0 0 0 0 0 0 2 1 2 2 0 1 1 2 1 2 2 2 1 1 2 1 0 0 1 1 0 0 1 1 2 1 2 1 0 1 0 0 2 2 2 0 2 2 0 1 1 1 0 1 1 0 2 2 1 0 1 0 0 1 2 2 0 2 1 0 2 0 2 1 0 2 0 2 0 2 0 0 0 0 0 2 2 0 1 1 2 2 1 1 1 0 1 2 0 0 2 2 0 2 2 2 1 1 0 1 1 1 1 1 2 1 0 0 0 0 2 2 2 0 0 2 2 1
0 1 0
126:
1 0 2 2 2 0 2 0 0 2 1 0 0 2 0 2 0 0 1 2 2 2 0 0 0 0 2 1 0 0 0 2 1 1 2 0 0 1 1 1 0 0 0 2 2 2 2 0 1 0 0 2 1 0 2 1 2 0 0 0 1 0 2 2 1 0 2 2 0 0 0 2 1 1 0 0 0 1 0 1 1 2 2 0 1 2 0 0 2 2 1 0 1 2 1 0 1 2 2 1 2 1 2 1 0 2 0 1 0 0 2 0 0 2 2 1 1 1 1 0 1 0 0 0 2 2 2 1 2 0 2 1 1 2 0 0 1 1
0 0 2
127:
2 1 2 2 0 2 0 2 1 0 1 0 0 0 0 0 0 1 2 2 0 1 1 0 0 1 1 0 1 0 0 2 2 1 0 1 0 2 2 1 2 1 0 0 2 0 0 1 2 2 1 2 0 2 0 2 0 2 1 2 2 0 1 0 1 0 1 2 0 0 2 2 0 0 1 2 0 0 0 0 2 1 1 2 2 2 2 1 1 0 2 2 2 1 0 0 0 2 1 2 0 0 0 2 2 0 0 0 1 0 1 2 0 0 2 0 2 0 1 2 1 1 0 2 0 2 0 0 2 2 0 2 1 1 1 2 2 2 1
1 2 2
128:
0 0 1 1 2 1 0 0 0 0 2 1 1 2 0 0 1 2 1 0 2 1 2 1 0 2 2 2 2 2 2 0 0 0 2 2 1 1 0 1 2 2 0 1 2 0 2 1 2 1 1 1 2 2 1 2 1 1 2 0 1 1 0 0 0 0 0 2 1 0 0 2 0 1 0 0 0 0 1 1 2 0 2 1 0 0 1 2 1 1 0 1 0 0 2 0 0 1 0 2 1 1 1 2 2 1 2 0 0 0 1 2 0 1 0 1 2 1 1 1 1 1 2 0 2 2 1 2 1 0 2 0 1 1 2 2 1 2 2 0
1 1 0
129:
2 1 1 1 0 0 2 0 1 0 0 1 1 1 0 0 0 0 1 1 2 0 1 1 1 1 2 1 0 0 0 2 1 2 0 2 1 2 1 2 2 1 1 0 0 0 1 1 1 1 2 0 2 0 2 2 0 1 2 0 0 2 1 2 1 0 1 1 2 2 2 0 1 2 2 2 2 0 2 1 2 1 1 0 1 0 0 2 1 0 0 2 1 1 1 1 1 1 0 2 2 2 2 0 0 1 1 2 1 2 2 1 0 2 2 2 0 2 2 1 0 1 0 2 2 2 0 2 2 1 2 2 2 2 2 0 0 0 0 0 1
0 0 1
130:
1 1 0 2 1 0 0 0 1 1 2 0 1 0 1 1 1 0 2 1 2 0 2 0 1 0 0 1 2 2 1 2 2 2 1 0 1 0 2 0 1 0 0 2 0 0 0 2 0 2 1 0 0 1 1 1 2 0 1 2 1 2 1 0 1 0 2 1 0 0 2 2 0 2 1 0 2 0 1 2 0 2 0 2 1 0 2 0 0 2 0 2 0 2 2 1 0 1 0 0 2 0 0 2 1 0 0 2 0 1 1 1 1 2 1 0 1 2 2 1 1 1 1 1 1 2 1 2 2 1 1 0 1 0 1 2 0 0 1 1 0 0
1 2 2
131:
0 1 1 2 2 1 0 2 1 0 0 2 0 2 1 0 2 0 0 0 1 2 2 2 2 1 2 1 0 1 0 1 0 1 1 2 0 1 2 1 2 0 1 2 2 1 1 0 2 1 0 2 1 0 1 1 1 2 2 2 1 1 2 0 2 0 0 0 1 2 1 0 0 1 1 1 1 2 2 2 0 2 2 2 1 1 1 0 0 1 2 1 1 0 1 1 0 2 0 1 1 2 1 1 1 1 0 2 0 1 2 0 1 0 2 0 1 0 0 2 0 0 2 1 1 0 2 2 1 1 0 1 2 1 2 2 0 2 0 1 0 0 2
0 1 0
132:
0 1 2 1 0 0 1 1 2 0 0 2 1 1 1 2 0 1 2 2 0 2 0 0 2 1 1 1 1 0 2 0 1 1 1 2 0 0 2 2 1 1 1 2 2 0 2 2 2 0 0 1 2 0 2 1 1 1 2 1 1 2 0 1 1 2 1 1 0 2 2 2 2 1 1 0 1 2 0 1 1 0 2 1 1 2 2 2 0 0 1 1 1 1 1 2 0 0 2 1 2 1 2 1 2 2 1 0 1 1 0 1 0 2 1 2 1 1 1 2 2 2 0 0 0 0 0 1 2 0 2 0 1 0 2 1 1 1 1 1 2 2 0 0
1 2 2
133:
1 1 0 0 1 0 0 1 2 1 1 2 2 0 2 2 0 1 1 2 0 0 2 2 2 1 1 2 2 0 0 2 2 2 1 0 1 1 2 1 2 0 2 2 1 1 2 2 0 2 2 0 0 2 1 2 2 0 1 0 0 2 0 2 0 2 0 2 0 1 1 1 2 0 0 1 2 2 2 0 2 2 1 2 2 1 0 2 0 0 1 0 0 2 1 2 2 0 1 2 2 2 2 2 0 2 0 2 0 2 1 1 1 2 0 0 2 0 1 1 0 1 2 1 1 1 1 2 2 0 1 1 0 2 1 0 2 2 1 1 0 1 1 0 1
1 0 0
134:
0 1 1 0 0 2 0 0 2 0 0 2 1 1 1 2 2 0 2 0 1 0 2 0 2 2 2 2 2 2 0 1 0 0 2 0 2 1 2 0 2 0 2 2 0 0 0 2 1 2 0 1 1 1 1 0 0 1 2 2 0 1 1 1 1 0 0 2 2 2 2 2 1 2 0 1 1 1 0 2 2 0 1 2 2 0 0 2 1 1 2 0 0 0 2 0 1 1 1 2 2 2 0 2 0 2 1 2 2 0 2 0 0 0 0 2 2 0 0 0 2 0 2 2 0 0 1 2 1 1 2 2 0 1 1 0 1 1 2 2 2 1 0 1 2 2
2 1 1
135:
0 2 2 1 0 0 1 1 2 2 1 2 0 1 2 1 1 0 0 2 1 2 2 0 1 1 1 1 1 0 2 1 0 0 0 1 0 1 0 0 1 1 0 0 2 0 1 0 1 2 1 1 1 0 1 0 0 2 2 2 2 0 2 2 2 2 0 2 0 1 1 0 2 1 0 0 1 2 0 1 0 0 2 1 2 1 0 0 0 0 0 1 1 2 0 1 0 0 1 1 2 2 0 0 0 0 2 2 2 2 0 1 0 2 0 0 0 0 1 1 0 0 0 2 1 1 0 0 1 0 2 2 2 0 0 2 1 2 2 0 1 2 2 0 0 0 1
1 1 0
136:
1 1 2 1 1 2 0 0 1 1 1 0 2 0 1 1 2 1 1 0 2 2 0 1 0 1 1 1 2 2 0 1 0 2 0 0 2 1 2 1 0 0 1 0 0 2 1 1 0 2 0 0 0 0 1 1 2 1 0 0 1 0 1 0 1 0 0 0 2 1 2 2 1 0 2 2 0 2 2 1 1 0 0 1 2 0 0 0 2 2 0 0 1 1 2 2 0 2 0 2 0 0 2 2 1 0 1 0 2 0 0 0 2 2 2 1 2 1 2 1 0 1 0 1 2 0 0 1 0 2 2 2 2 2 2 0 1 2 0 0 2 2 2 0 2 2 1 2
2 2 1
137:
2 2 1 0 0 2 1 0 1 0 1 1 0 1 0 2 2 1 1 0 1 1 2 1 1 0 2 0 1 1 0 2 1 0 1 0 0 0 1 1 2 1 2 2 2 0 0 1 2 1 2 2 2 2 2 0 1 2 0 0 1 2 2 1 1 1 1 1 1 0 2 0 2 2 2 0 2 1 2 1 0 2 2 2 1 2 1 0 2 2 2 1 0 2 0 1 0 1 2 2 1 2 0 0 1 1 2 0 2 2 1 1 0 0 1 1 0 2 1 0 0 0 2 0 0 0 0 1 1 0 0 2 0 2 1 2 1 1 1 2 1 2 0 2 0 1 1 0 0
1 1 0
138:
0 0 0 2 1 2 1 1 0 1 2 0 1 2 2 2 2 0 1 1 2 0 1 1 2 2 2 0 0 1 0 0 0 0 1 2 1 0 1 1 2 0 1 1 0 0 2 0 0 0 2 1 1 2 1 0 1 2 1 2 1 0 1 1 0 0 0 1 2 1 1 0 1 2 2 1 1 0 1 1 0 1 0 0 1 0 1 1 0 1 0 1 1 0 2 0 0 1 1 0 2 0 1 0 2 0 0 2 0 0 0 1 0 1 2 2 2 2 1 0 0 1 2 1 0 2 2 1 2 0 0 1 1 2 2 2 2 2 0 1 2 1 0 0 2 1 1 2 1 2
1 1 2
139:
0 2 2 0 0 0 2 1 1 0 0 1 1 0 1 1 1 0 0 2 1 1 0 2 0 2 0 0 2 1 2 2 2 1 1 1 2 0 0 0 2 0 2 2 2 0 2 0 0 0 1 2 2 0 1 1 0 0 2 1 2 1 0 1 2 1 0 1 0 2 2 0 1 1 1 2 1 0 0 1 0 0 1 0 2 1 2 1 0 0 1 1 0 0 2 2 1 1 0 1 2 2 1 1 2 0 0 0 1 2 0 1 0 1 0 2 1 1 2 2 1 2 2 2 2 0 1 0 1 1 0 1 0 0 2 2 2 0 0 0 0 0 1 0 2 2 1 0 0 1 0
0 0 2
140:
2 2 1 2 0 2 2 0 0 1 1 0 2 0 1 1 2 1 2 1 1 1 0 2 2 2 1 2 2 2 1 1 2 2 1 2 1 0 2 0 0 2 1 0 2 0 1 1 2 0 0 0 2 1 0 1 0 1 0 0 2 2 1 0 1 2 2 1 1 1 2 1 1 0 2 0 2 1 0 1 0 1 2 0 1 2 1 1 1 2 1 2 2 2 1 1 0 1 1 0 2 1 0 1 1 0 0 0 0 2 2 2 1 2 2 2 0 2 1 0 1 0 1 2 0 1 0 1 0 0 0 2 0 0 0 0 2 0 0 2 2 2 0 1 1 0 2 2 2 2 2 0
1 0 0
141:
0 0 2 1 0 1 2 2 1 2 2 1 2 0 0 1 1 1 0 2 1 2 2 2 1 0 1 2 0 2 0 1 1 2 1 0 1 2 2 0 1 2 0 2 1 0 0 1 0 1 1 0 2 1 2 2 2 2 0 0 1 0 1 1 0 0 1 2 0 2 1 1 2 0 0 0 0 2 0 1 0 2 1 0 0 2 1 1 1 2 2 0 2 0 1 2 1 0 2 1 0 2 2 2 1 0 0 1 0 1 2 1 1 0 1 0 2 2 2 2 1 2 2 2 1 0 0 1 1 1 1 2 0 1 2 0 2 2 2 1 1 0 1 2 1 0 1 1 1 1 1 0 2
0 2 0
142:
1 2 0 0 0 0 0 2 1 0 1 0 0 1 0 0 1 0 1 0 0 0 0 2 1 1 0 2 1 2 0 0 2 0 1 0 1 2 2 2 2 2 0 2 2 2 0 2 1 2 1 2 1 0 2 0 2 0 2 1 2 1 1 2 1 1 1 0 1 0 1 0 2 1 2 2 2 0 1 0 1 2 0 2 2 2 0 0 1 1 0 1 2 1 1 0 1 1 1 0 2 1 1 2 1 1 2 2 0 1 2 2 2 2 0 1 0 2 0 0 0 2 0 1 1 0 2 1 0 1 1 1 0 2 0 2 0 1 0 0 1 0 2 0 0 2 0 1 0 0 2 2 1 1
2 0 0
143:
0 2 1 0 2 0 0 2 1 1 1 0 2 1 0 0 2 0 1 0 1 0 0 2 2 1 1 2 1 2 2 0 0 0 0 2 0 0 1 0 1 0 1 0 0 0 1 0 0 1 1 0 1 2 1 1 0 0 1 0 2 0 0 2 1 0 1 2 2 2 1 1 1 0 1 1 0 1 1 2 0 1 0 2 2 0 1 0 2 0 1 1 2 2 0 0 1 2 0 1 1 0 1 0 0 2 0 0 0 2 2 0 1 0 0 2 0 0 1 2 2 1 1 2 0 2 2 1 1 2 2 2 0 2 0 2 2 0 1 0 0 2 1 2 1 0 0 0 2 0 2 1 2 1 0
2 2 0
144:
0 0 0 2 0 2 2 2 2 1 1 0 1 2 0 1 0 2 1 1 1 0 2 2 0 2 0 1 0 2 2 0 2 1 0 1 0 1 1 2 2 1 2 2 1 2 2 2 1 2 0 0 1 2 2 1 2 1 1 2 1 2 1 1 1 1 2 1 1 2 2 0 0 2 2 0 0 0 0 1 1 0 0 0 2 1 1 0 0 1 1 1 2 1 2 2 2 1 1 0 2 0 1 0 1 1 2 0 0 2 2 0 1 1 0 2 2 0 2 0 2 1 2 1 0 1 0 0 2 0 1 1 0 1 1 2 0 1 1 1 2 0 1 2 0 1 0 1 2 0 0 0 0 2 2 2
2 1 1
145:
1 2 2 2 0 0 2 1 1 1 0 1 1 1 2 1 2 1 2 1 2 0 0 2 1 1 0 0 0 2 0 1 0 1 1 0 0 1 0 2 1 0 1 1 2 1 0 0 2 2 1 0 2 0 2 0 0 2 1 2 0 0 2 1 2 1 1 0 2 0 2 2 2 2 0 2 2 2 2 1 1 1 1 2 2 0 1 1 1 2 1 2 1 0 1 1 2 0 1 0 0 1 1 2 1 2 2 0 2 2 0 2 1 1 2 0 1 0 0 1 2 1 2 1 0 2 2 1 0 0 0 2 2 1 0 2 2 2 0 2 2 1 2 1 2 0 0 1 2 2 2 0 2 1 0 2 2
0 1 1
146:
1 0 2 0 0 2 1 0 0 0 2 0 1 1 0 2 2 0 2 2 0 1 0 2 2 0 1 0 2 1 1 2 1 2 2 2 2 1 0 1 2 2 1 2 2 2 0 2 0 2 1 0 1 1 1 1 1 1 0 0 2 2 1 0 1 1 2 2 2 1 2 2 1 2 2 1 2 2 1 1 0 2 1 2 2 1 1 0 1 2 1 0 1 0 2 2 2 0 1 0 2 1 2 0 2 2 2 0 1 2 1 2 2 1 1 2 2 1 2 1 1 0 1 1 0 2 1 2 0 2 0 2 1 1 0 2 1 0 1 2 0 1 1 0 2 2 2 1 2 2 1 0 2 0 2 0 2 2
1 1 0
147:
1 0 2 0 0 0 0 0 2 0 1 1 0 2 1 1 1 2 2 1 0 2 2 1 0 0 1 1 1 2 1 0 2 0 0 0 2 0 0 1 2 1 2 1 1 2 2 0 0 0 1 1 0 1 1 2 2 0 2 1 0 2 0 2 1 1 2 1 0 2 1 1 0 1 2 2 2 2 0 2 1 2 2 0 1 2 2 1 1 0 2 1 2 1 1 1 0 2 2 2 0 2 2 0 1 0 1 2 1 2 2 2 2 0 1 1 1 0 2 1 2 0 0 1 1 1 2 2 2 0 2 0 2 0 2 1 0 2 2 1 1 1 0 1 0 2 0 1 1 1 0 1 1 2 2 1 1 2 1
2 1 2
148:
2 0 1 1 0 1 0 2 2 0 0 2 0 0 1 0 1 1 2 0 2 1 1 2 0 1 1 0 0 0 1 0 0 0 2 1 2 0 1 2 2 1 1 2 2 0 1 2 0 1 2 0 2 1 1 1 0 2 0 1 0 1 1 2 0 1 1 1 1 1 2 1 2 0 0 1 0 1 1 0 0 0 1 1 1 1 1 0 1 1 1 0 0 0 0 0 0 0 1 0 2 1 2 1 2 0 0 2 1 0 0 1 2 0 0 0 2 2 2 0 2 2 1 0 1 2 1 2 1 2 1 2 2 2 0 1 0 1 0 1 0 2 0 0 2 1 0 0 1 1 1 1 2 2 0 2 2 2 2 0
2 2 0
149:
1 2 2 1 0 2 2 2 2 2 2 1 2 1 2 1 1 0 2 2 0 0 2 2 1 2 2 2 0 1 1 2 0 1 2 2 2 2 0 1 0 1 1 0 0 1 0 1 2 1 1 2 1 0 2 1 2 2 0 0 1 0 0 2 2 2 0 2 1 2 1 0 1 0 1 1 1 0 2 2 1 2 1 1 2 0 0 2 2 0 2 1 1 2 1 2 2 0 1 2 0 2 1 1 1 1 1 1 0 0 1 1 0 2 2 0 0 0 2 2 2 0 0 1 1 1 0 2 1 0 0 0 2 2 1 1 2 1 1 0 0 1 2 1 2 1 2 0 0 1 1 2 1 2 2 1 2 0 2 2 1
2 1 2
150:
1 2 1 2 1 0 1 0 1 1 1 2 0 0 1 1 2 0 2 1 0 2 1 0 2 0 1 2 2 2 1 2 2 1 1 0 2 1 2 0 0 0 2 0 0 2 0 0 0 0 1 2 1 2 0 2 1 0 1 0 0 0 1 0 2 1 2 1 0 0 0 1 1 0 1 0 0 2 1 0 1 1 0 2 2 0 2 0 1 1 2 2 1 2 0 2 2 1 1 0 1 0 0 0 2 0 2 2 0 0 0 1 1 2 1 0 0 1 2 0 2 1 0 0 1 1 0 0 1 1 2 1 0 2 1 1 0 0 0 1 1 0 1 0 1 0 0 0 2 1 2 1 0 1 2 1 0 0 1 0 1 2
0 2 0
151:
1 0 1 0 0 0 0 0 0 0 2 1 1 0 0 1 2 0 0 2 1 2 1 2 0 2 0 0 0 1 2 1 2 0 1 2 0 1 2 2 1 0 1 2 2 0 1 2 1 0 1 0 1 0 1 2 2 2 0 2 2 1 1 2 0 2 0 0 2 0 0 1 1 2 2 2 1 2 2 1 2 0 1 2 1 2 0 2 2 1 0 2 0 2 1 0 1 1 1 2 2 2 2 1 0 2 0 0 0 0 2 0 0 1 0 0 2 0 1 2 2 0 1 0 0 0 0 0 0 0 1 0 0 2 2 1 1 0 2 1 0 1 1 0 1 2 0 2 2 2 1 0 2 1 0 1 2 1 2 2 1 2 2
2 2 1
152:
0 1 1 2 1 0 0 2 2 1 2 0 1 0 2 0 0 0 2 1 0 0 2 2 0 1 1 2 0 0 2 1 0 2 0 0 2 1 2 1 0 1 2 2 1 1 1 1 0 2 0 2 2 1 1 2 0 1 2 2 1 2 2 1 1 2 1 2 1 1 1 0 1 2 0 0 0 1 0 0 0 1 2 1 0 2 1 1 2 0 0 1 2 2 0 2 2 2 0 0 1 1 1 1 1 2 2 1 1 0 2 1 0 1 2 0 1 2 0 1 1 0 0 2 1 2 1 0 1 1 0 0 1 2 1 1 0 1 1 1 2 0 1 0 2 2 2 2 0 2 0 1 1 0 1 0 2 2 1 1 1 2 1 0
0 2 2
153:
0 0 1 0 1 2 2 2 2 1 2 2 0 1 2 1 1 2 0 2 2 0 0 0 0 0 1 0 1 1 0 0 2 1 1 2 2 1 0 0 1 0 2 0 2 2 0 0 2 2 1 0 2 2 0 0 1 0 1 0 1 1 0 2 1 1 2 1 1 0 2 2 2 1 0 1 1 1 2 1 0 0 1 2 1 2 2 0 0 1 0 0 1 2 0 1 0 1 0 2 1 0 1 0 0 1 0 1 1 1 1 2 2 0 0 2 0 0 0 2 2 0 2 2 2 0 2 2 2 2 1 2 2 2 2 2 0 2 0 1 1 1 1 2 0 2 2 2 1 0 1 1 0 1 0 2 1 2 2 1 0 2 0 1 1
2 1 2
154:
0 0 0 0 0 1 0 0 1 0 0 0 1 1 1 2 0 0 0 1 2 2 0 1 2 0 1 1 2 2 0 0 0 0 1 2 2 1 1 1 1 0 1 2 2 2 0 0 1 1 2 0 0 0 1 1 0 2 1 2 0 0 1 1 1 2 1 1 0 1 1 1 1 2 1 0 1 0 0 1 0 1 2 2 2 2 1 2 1 2 2 2 1 1 2 0 0 2 2 2 1 2 0 0 1 1 1 2 2 0 0 2 2 2 2 0 2 0 0 1 2 1 1 0 2 1 1 1 1 2 2 0 1 0 2 2 0 0 0 0 1 1 1 2 1 1 0 1 1 1 1 0 2 1 1 0 0 2 0 1 1 1 1 0 2 2
1 0 1
155:
2 0 0 0 1 0 1 1 2 1 0 1 2 0 1 0 0 0 1 0 0 0 2 0 2 0 1 1 0 2 0 0 0 1 2 2 0 1 0 1 0 0 1 0 2 2 0 2 2 2 0 2 0 1 1 2 0 0 0 2 0 2 2 0 2 1 1 2 2 2 0 1 1 1 1 1 2 1 0 1 2 1 0 1 2 2 1 2 2 0 0 1 0 1 2 0 2 2 2 2 1 1 2 1 1 1 1 1 2 1 1 1 2 0 1 2 0 0 0 1 2 0 0 0 2 0 0 0 2 1 1 2 2 1 0 2 0 1 2 1 1 1 2 1 2 0 2 2 2 2 0 0 2 2 0 2 0 0 2 1 1 0 1 2 2 2 2
2 1 1
156:
0 0 2 1 0 0 2 2 2 1 2 2 1 0 1 2 0 2 0 0 1 2 1 1 2 2 0 0 0 1 2 1 2 0 2 1 1 0 1 0 1 1 1 1 1 2 2 0 1 2 1 0 0 1 0 1 2 2 1 1 1 1 0 2 1 1 1 0 1 0 1 1 0 1 1 1 0 1 2 1 0 0 1 0 2 0 0 0 1 0 1 2 2 2 2 2 0 0 0 0 0 1 2 0 1 1 0 1 2 1 0 0 2 2 2 1 2 1 0 2 2 2 2 1 1 1 1 2 2 1 0 0 0 0 1 2 1 1 0 2 1 1 2 2 0 2 2 1 0 0 2 0 2 1 2 1 1 0 1 1 2 2 0 1 0 1 0 2
2 1 1
157:
0 0 1 2 1 2 1 2 0 0 2 0 1 1 2 0 1 1 0 0 0 1 1 2 0 0 1 0 1 2 2 0 0 2 2 1 2 1 0 2 1 1 1 0 0 0 1 0 1 1 1 0 0 0 1 1 0 1 2 2 0 0 1 0 2 2 2 1 1 2 1 1 1 1 0 2 2 1 0 0 0 1 2 1 1 2 0 1 0 2 2 2 2 1 0 2 0 2 0 1 2 0 0 2 0 0 0 0 2 0 0 0 1 1 2 0 2 0 0 0 2 2 2 2 1 2 0 0 1 0 2 1 2 1 1 0 0 0 2 1 2 1 0 0 1 2 1 1 0 1 0 2 1 0 0 1 0 1 2 0 2 2 0 1 1 1 1 0 1
2 2 0
158:
2 2 1 1 1 1 1 2 1 1 0 2 0 0 1 1 2 1 0 0 1 0 2 0 2 0 0 1 1 0 2 1 2 1 0 0 0 0 1 0 0 2 0 2 2 1 0 0 2 2 2 0 0 1 2 1 1 0 1 2 0 0 1 0 2 1 0 0 1 0 1 0 1 2 0 0 0 0 1 1 2 2 0 2 2 0 2 2 0 2 2 0 1 1 0 1 2 2 1 0 0 0 0 2 2 0 0 2 2 0 2 2 2 2 2 0 2 1 0 0 0 1 0 2 0 0 0 1 0 1 2 0 1 0 2 0 2 0 0 1 2 1 2 1 1 1 0 1 0 0 2 0 1 1 0 0 1 2 1 0 0 1 0 2 1 2 0 0 1 1
1 1 2
159:
2 2 1 2 2 2 2 1 0 1 2 1 2 2 1 2 0 0 0 0 2 1 0 0 2 2 1 2 1 2 2 1 1 0 1 1 2 2 1 2 0 2 1 1 0 2 1 1 2 2 1 1 1 2 0 1 0 2 2 0 0 2 0 1 2 1 1 2 0 1 1 2 0 2 2 1 0 1 1 0 1 0 2 1 0 0 2 2 2 1 2 1 1 2 1 0 2 1 1 1 0 2 0 1 2 2 2 2 0 1 1 0 0 2 1 1 0 2 0 2 2 0 1 0 1 1 2 1 0 1 1 0 1 1 2 1 2 1 2 2 1 2 0 1 0 0 2 1 0 2 0 2 1 0 2 0 0 1 1 2 2 2 1 2 1 0 2 0 0 0 1
2 0 0
160:
1 0 1 0 0 0 0 2 0 0 1 2 1 2 0 2 1 1 0 1 0 0 1 2 2 2 2 0 1 0 0 0 0 0 2 1 0 2 2 2 1 2 1 2 1 1 2 2 0 2 1 1 1 2 2 1 2 1 2 2 0 2 2 1 2 2 2 0 1 0 0 0 0 0 2 1 0 1 2 1 2 1 0 0 2 2 0 1 2 0 0 1 1 2 0 0 1 1 1 2 2 1 1 1 0 0 0 1 2 1 1 0 0 0 2 0 2 2 1 0 0 2 1 1 2 1 1 2 0 1 1 2 1 2 0 2 1 2 0 1 0 0 1 2 1 2 1 0 1 0 2 0 0 1 0 1 1 1 1 1 0 2 0 1 1 0 2 2 1 2 1 2
0 0 2
161:
0 0 1 0 1 1 0 2 2 0 2 0 0 2 1 2 0 1 0 2 2 1 1 1 1 1 1 1 1 2 2 2 2 0 1 0 0 0 0 2 1 2 0 2 0 1 2 0 0 1 0 2 0 2 0 0 1 1 1 1 2 1 0 1 2 2 1 2 2 1 1 1 2 2 2 2 2 1 2 1 2 1 2 0 2 2 1 2 1 2 1 0 1 1 1 1 2 2 1 0 2 0 0 1 1 0 0 2 0 2 2 2 2 1 0 0 0 1 1 0 2 2 2 1 0 1 0 2 0 0 2 1 1 0 2 0 1 2 1 1 1 0 1 0 0 1 0 1 1 1 1 0 2 1 1 1 1 1 2 1 1 1 1 1 1 0 0 0 2 0 0 2 0
0 0 2
162:
2 2 0 2 2 0 2 0 0 0 0 2 2 2 1 2 1 0 2 2 1 1 1 2 1 1 1 1 2 0 0 1 0 1 0 2 0 1 1 2 1 2 1 2 1 1 0 2 0 1 1 1 1 2 0 0 0 2 2 0 2 1 2 0 0 0 0 0 2 2 2 2 1 0 2 1 2 2 2 0 0 1 1 1 1 0 1 1 1 1 2 2 1 1 0 1 1 1 2 1 0 1 0 1 1 0 1 2 2 0 1 2 2 1 1 1 0 2 2 2 2 0 1 1 2 2 2 0 1 1 0 2 2 2 0 2 0 1 0 0 1 0 2 2 2 0 2 0 0 2 1 0 2 1 1 0 2 1 0 2 0 2 0 1 2 2 1 0 1 1 2 2 1 0
2 0 0
163:
1 0 1 0 1 1 1 2 2 1 0 2 0 0 0 1 1 0 2 0 1 1 1 0 2 2 0 2 0 0 1 1 0 1 2 2 1 2 0 1 0 0 1 2 2 1 2 1 1 0 2 1 0 1 2 1 0 2 1 1 0 2 2 1 2 0 2 2 2 2 0 0 1 1 1 2 1 0 0 2 0 1 2 2 1 2 2 2 0 2 0 0 1 0 0 1 0 0 0 2 2 0 2 2 0 2 2 2 2 2 2 0 1 2 1 0 2 0 2 1 2 1 2 0 1 1 2 1 2 2 0 1 0 1 0 2 1 0 0 2 0 0 0 1 1 0 2 2 1 2 1 1 0 1 1 1 0 0 0 1 0 1 1 0 1 1 1 0 1 0 0 2 0 1 2
1 0 0
164:
1 2 2 2 1 2 1 1 1 0 1 2 0 2 0 1 2 2 0 0 0 0 0 1 0 2 2 0 0 0 0 1 2 1 0 1 1 1 0 1 1 1 1 1 1 0 0 2 1 2 1 0 0 0 1 2 2 1 2 2 1 0 1 2 1 0 1 0 2 1 1 1 2 2 0 2 1 2 0 0 0 2 0 1 2 1 2 1 0 1 1 1 0 1 1 0 2 2 0 2 1 2 1 1 1 1 1 0 2 1 0 0 1 0 0 0 1 1 0 2 2 1 0 1 0 1 0 2 2 1 2 1 0 0 1 0 1 0 0 0 1 1 0 2 0 2 0 2 2 1 2 1 2 2 0 0 1 0 1 0 2 1 0 1 2 1 0 2 2 1 0 0 0 0 2 0
1 0 1
165:
0 0 1 2 1 1 0 0 0 1 1 1 2 2 2 0 0 0 2 1 1 0 1 2 0 0 0 0 0 0 2 0 1 0 1 0 0 1 2 0 2 1 1 1 1 0 1 0 0 1 2 2 0 0 1 1 2 2 2 1 1 2 2 1 1 2 1 1 1 0 1 1 2 0 0 0 1 2 2 1 0 2 2 0 0 1 0 1 0 0 1 0 2 1 0 0 1 2 2 2 0 2 1 0 0 2 1 2 1 1 2 0 0 2 0 0 1 0 0 1 0 1 0 0 0 1 1 1 2 0 2 2 1 2 0 1 0 1 0 0 1 2 2 2 1 0 0 1 2 2 1 0 2 0 2 0 0 0 0 1 2 2 2 0 1 1 0 0 0 2 1 1 2 2 0 2 0
0 1 0
166:
2 0 2 1 2 0 2 0 1 2 1 1 1 1 1 0 2 0 2 0 1 2 2 1 1 2 0 1 1 0 1 1 2 0 0 2 1 0 1 0 1 1 1 1 1 0 0 2 1 2 1 0 1 0 1 1 1 2 2 2 2 1 2 1 2 2 0 2 0 0 0 1 0 0 0 2 1 1 0 0 1 0 2 1 1 0 0 2 1 2 2 0 0 2 0 0 0 0 0 2 0 1 1 0 0 1 0 2 1 0 0 2 1 2 0 2 1 1 1 0 1 1 0 2 1 2 1 0 2 1 2 0 2 2 1 0 0 2 1 2 2 2 2 0 0 1 2 0 1 0 0 1 2 1 1 0 1 0 0 0 2 2 0 2 2 2 0 0 1 1 1 0 1 0 0 0 1 0
1 1 0
167:
0 1 0 1 2 2 0 1 1 1 0 0 2 2 0 2 1 0 0 2 0 0 1 2 0 2 1 2 2 1 0 1 2 1 0 2 0 2 2 1 0 2 2 2 2 1 0 0 2 0 2 1 1 2 2 1 1 1 2 1 2 2 1 0 0 0 2 1 1 2 1 0 2 2 1 2 2 0 2 0 0 1 0 2 1 0 0 1 2 2 2 1 2 0 0 0 2 1 2 0 2 2 2 1 2 2 0 2 0 0 0 2 1 2 0 2 1 1 0 1 2 2 0 0 1 2 2 0 1 1 2 1 2 2 0 1 2 2 1 0 0 1 1 1 1 0 0 2 2 0 1 2 2 0 0 1 2 0 0 2 2 1 2 2 0 2 1 0 1 2 2 0 0 2 0 0 1 1 2
1 2 1
168:
1 0 1 1 1 2 0 0 2 2 2 2 0 0 0 0 2 1 0 1 2 2 0 1 1 0 0 0 0 2 1 1 0 2 1 1 2 0 0 0 0 1 2 1 2 1 0 0 2 1 1 2 1 0 1 1 2 2 2 2 2 1 1 0 0 0 2 1 0 1 0 0 2 1 2 2 2 2 2 1 2 0 2 1 0 0 1 1 2 2 0 1 1 2 0 1 1 0 2 0 1 0 2 2 2 0 2 1 1 0 1 0 0 1 1 1 2 1 1 2 1 1 1 1 2 2 1 1 0 0 1 0 2 0 2 1 1 2 2 1 2 2 1 1 1 1 0 1 2 2 2 0 1 0 2 1 2 2 0 2 2 0 1 2 1 1 2 0 1 2 1 2 2 2 2 2 2 2 0 2
1 2 2
169:
0 0 2 1 0 0 2 2 2 1 1 1 0 1 1 0 1 2 1 2 0 0 1 0 1 2 2 1 1 0 1 0 1 1 1 1 2 2 1 2 2 0 1 2 1 0 0 1 1 0 1 0 0 0 1 0 0 0 2 2 1 0 0 2 1 2 1 2 1 2 0 1 0 0 1 0 2 2 1 0 0 1 1 1 1 1 0 2 2 1 2 2 2 2 2 0 2 0 0 1 2 0 2 2 0 2 2 2 1 2 0 2 0 0 1 0 2 0 2 0 1 0 0 0 2 2 2 1 0 0 1 2 2 0 0 2 2 2 1 0 1 0 1 0 0 1 1 1 1 0 0 1 2 0 0 2 2 2 1 0 1 2 1 0 0 2 1 1 0 0 0 0 0 0 1 1 0 1 0 2 2
0 1 0
170:
1 0 1 1 0 2 0 0 0 0 1 1 2 2 0 2 2 2 0 0 0 0 1 1 0 2 2 1 0 1 0 0 1 1 1 0 0 1 2 2 0 1 2 2 2 2 1 0 1 2 2 2 1 2 1 2 1 1 0 0 1 0 0 0 0 1 2 2 1 1 1 2 0 1 1 2 2 1 2 2 0 2 0 2 2 2 2 0 0 1 2 2 0 1 1 2 0 1 1 1 0 1 0 2 2 1 2 1 2 2 0 2 1 0 1 1 2 2 0 1 0 0 0 1 1 2 0 1 0 0 0 1 0 0 2 0 1 2 1 2 2 1 0 2 1 1 2 2 1 1 0 1 0 1 1 2 1 0 1 2 2 2 1 0 0 0 0 2 2 0 1 0 2 0 2 1 2 0 1 2 0 1
0 0 2
171:
1 1 2 0 2 2 1 1 0 0 1 0 1 0 2 1 0 2 1 2 0 0 0 1 1 1 0 0 2 0 0 1 2 0 0 0 0 0 1 2 2 0 1 1 1 1 2 1 0 1 0 1 1 0 1 2 1 2 0 2 2 1 0 1 1 2 0 1 0 1 2 2 0 1 2 1 2 0 1 2 1 1 0 0 2 2 0 2 2 2 2 2 2 0 2 2 1 2 2 1 2 0 1 2 2 0 1 2 0 0 0 1 1 1 2 2 0 1 1 1 0 2 1 1 1 1 1 1 2 1 1 1 0 1 2 0 1 1 0 2 0 2 1 1 1 0 2 1 0 0 0 2 0 1 0 1 0 2 2 1 2 1 2 1 0 1 0 2 2 1 2 1 1 0 2 0 1 1 0 0 2 1 1
1 1 0
172:
1 2 1 2 0 0 1 2 1 1 1 1 2 2 1 1 2 0 1 1 0 2 2 2 2 0 2 0 2 2 2 0 1 2 2 2 2 2 0 0 1 2 0 2 1 2 2 1 2 1 0 0 2 2 1 0 0 2 2 1 2 2 0 2 1 0 2 1 2 2 0 2 2 1 2 1 1 0 0 0 1 0 2 1 0 2 1 0 0 1 0 0 0 1 0 1 0 0 1 2 1 0 1 2 1 0 0 2 1 0 2 0 2 0 2 2 2 0 0 1 1 2 1 1 2 0 1 2 1 2 1 0 1 1 2 2 2 0 1 0 1 0 0 0 0 2 1 2 2 0 1 0 1 1 0 1 1 2 0 0 0 0 0 0 0 0 1 2 2 0 0 0 0 0 2 0 1 0 1 2 2 0 1 0
2 1 2
173:
1 0 0 2 0 0 1 1 0 2 1 0 0 2 2 0 2 2 0 2 2 0 1 0 0 2 0 1 0 1 2 2 0 1 1 0 2 0 1 1 1 2 0 1 1 2 1 1 1 2 2 2 1 2 0 2 2 2 2 1 1 1 1 1 1 0 1 0 1 2 0 1 0 2 1 0 2 2 2 2 2 2 2 0 2 2 1 1 0 1 2 2 2 1 2 0 2 1 1 1 0 0 0 1 1 2 0 2 2 1 2 2 2 0 2 0 0 2 2 0 0 2 2 0 2 0 1 1 1 2 1 0 2 1 0 0 0 0 2 2 1 0 0 0 2 2 2 1 1 1 2 0 1 1 2 1 0 1 2 2 0 1 0 2 1 2 1 1 1 2 0 2 0 2 1 0 1 0 2 0 2 2 0 0 1
0 2 2
174:
1 0 0 2 1 0 0 1 0 2 1 2 2 1 1 0 0 1 2 2 1 2 0 2 2 0 2 0 0 1 2 0 1 0 2 2 0 0 2 0 2 0 0 2 0 1 2 1 0 1 0 2 2 0 2 0 0 0 1 0 0 1 1 1 1 0 0 2 2 0 2 1 1 1 0 1 0 0 2 1 2 0 0 2 2 2 1 1 1 1 0 1 1 2 2 2 2 2 0 1 2 2 2 1 1 2 0 0 0 2 0 1 2 1 2 1 1 0 1 1 1 1 2 1 1 2 2 1 1 2 1 0 1 1 0 0 2 2 0 0 2 0 0 2 0 1 0 1 2 0 0 2 1 0 1 1 1 2 2 1 2 1 1 0 0 1 0 0 2 0 0 2 1 2 1 0 2 2 2 2 0 2 1 0 1 1
1 0 1
175:
1 1 1 2 1 1 1 2 2 2 1 0 2 1 1 1 2 2 2 0 1 0 2 2 0 0 0 2 2 2 1 2 2 1 2 0 2 2 1 2 2 2 2 1 2 2 1 0 0 2 0 1 1 1 2 0 0 0 1 0 2 1 0 2 2 2 2 2 0 0 1 1 1 0 2 1 2 2 0 0 1 2 1 2 2 1 2 2 2 2 1 0 0 2 1 2 0 0 2 1 1 0 1 1 0 1 1 1 1 1 1 0 2 2 2 0 1 0 2 1 0 2 1 2 1 0 2 1 1 1 0 2 0 1 1 2 0 2 0 0 2 2 1 1 1 2 1 0 0 1 2 1 1 0 0 0 2 1 0 0 2 2 1 1 0 2 2 0 2 1 1 1 1 0 1 1 0 1 1 0 1 1 1 1 2 1 1
2 1 1
176:
1 0 0 1 1 2 2 2 2 0 0 0 0 1 2 2 2 1 2 0 2 2 0 2 2 2 1 0 2 2 1 1 1 0 1 0 1 0 1 0 0 1 2 2 0 2 0 2 0 1 2 0 1 0 0 0 2 0 1 2 0 1 1 1 2 1 1 1 1 1 0 0 2 1 0 2 2 2 2 0 0 2 1 2 0 1 2 1 1 1 2 2 0 0 2 2 2 0 2 0 1 0 2 0 1 1 1 0 0 0 0 0 1 0 2 2 0 1 0 0 1 2 1 1 2 0 2 1 1 1 1 2 2 1 0 0 1 0 2 0 1 0 1 2 1 2 1 0 1 0 1 2 1 1 2 2 2 0 1 0 2 2 1 0 2 0 2 2 2 0 2 1 0 1 1 0 1 0 0 2 0 0 0 1 1 2 2 0
0 0 1
177:
1 2 0 2 2 1 2 1 1 0 1 1 2 2 2 1 2 2 1 0 2 1 0 2 1 0 0 2 1 2 2 1 2 1 2 1 1 0 1 0 2 2 2 1 2 1 1 1 2 0 2 0 0 0 2 2 0 0 2 1 2 0 1 1 1 2 0 0 1 0 1 0 2 0 2 2 2 1 1 0 2 1 2 1 2 0 0 0 1 0 2 1 1 1 1 2 0 1 1 0 2 2 2 2 1 2 1 0 0 2 2 0 0 1 0 1 1 1 1 1 2 0 2 1 2 1 2 1 0 0 0 0 2 0 1 2 2 2 2 2 2 1 0 0 1 0 0 1 1 2 2 0 2 0 1 2 2 2 0 2 1 2 0 2 0 1 0 1 2 0 1 1 1 1 2 1 0 2 1 0 0 0 1 0 0 1 2 0 1
2 2 0
178:
1 1 1 2 2 2 0 1 1 1 0 2 0 1 1 0 2 0 0 2 1 1 1 0 1 1 2 1 2 2 2 1 1 0 1 1 0 2 0 1 1 0 1 2 0 2 0 0 1 0 1 0 2 0 0 1 0 0 2 1 2 2 0 0 1 0 0 0 2 0 0 1 1 1 1 2 1 2 2 1 1 2 1 0 1 0 1 2 2 2 2 1 1 2 2 1 0 1 1 2 2 0 0 1 0 1 0 0 2 2 1 0 2 2 0 2 0 1 0 2 1 0 0 1 1 1 0 0 0 2 0 1 1 0 0 2 2 1 1 1 1 0 2 1 1 0 0 2 1 1 2 0 1 2 2 2 1 2 1 2 0 0 0 1 0 1 0 2 1 1 2 0 2 1 2 0 2 1 2 2 1 2 0 1 2 0 0 1 2 0
0 1 0
179:
1 1 0 1 2 1 1 2 0 0 0 0 1 1 1 2 0 0 0 2 1 0 0 2 2 0 1 0 0 0 1 2 1 2 0 2 0 2 1 1 0 1 0 0 0 1 1 1 1 2 1 1 0 2 1 1 2 1 1 1 2 0 1 2 2 2 0 0 1 2 2 0 2 0 1 2 1 0 0 1 2 0 1 1 1 2 0 1 1 0 0 1 2 1 1 1 1 1 1 0 2 2 1 1 1 0 0 2 2 0 2 0 2 0 2 0 0 0 2 1 0 2 1 0 1 1 0 0 2 2 2 2 0 0 0 0 1 0 1 1 2 1 2 1 0 2 1 2 0 0 0 2 0 0 1 0 2 0 0 1 2 0 0 0 0 2 0 1 1 0 2 1 2 0 2 1 1 1 0 0 2 0 0 0 1 1 0 2 2 2 0
1 1 0
180:
2 2 2 2 0 1 1 2 0 0 2 2 1 1 2 0 1 0 1 0 0 2 1 2 2 2 0 0 1 2 1 0 1 0 0 0 1 0 1 2 1 1 1 1 0 0 2 2 1 1 0 2 1 2 2 1 0 1 2 1 2 2 0 0 1 1 0 0 1 2 0 1 0 0 1 0 1 0 1 0 2 2 1 2 0 0 2 1 2 2 2 1 1 1 2 1 2 1 2 0 2 2 0 1 2 0 0 0 0 2 2 1 0 0 1 2 0 1 1 0 1 2 2 2 0 2 2 0 1 1 0 2 1 0 0 0 2 0 2 1 1 2 2 0 1 0 1 1 0 2 0 2 2 1 0 0 0 0 0 1 1 1 1 0 1 2 1 0 0 1 1 0 2 1 2 2 0 1 2 2 1 1 0 0 2 2 0 1 0 2 1 1
1 0 0
181:
2 0 1 1 1 1 1 2 0 0 2 0 2 0 0 2 2 1 2 0 1 1 2 0 0 0 1 0 0 0 1 0 0 0 2 2 1 1 0 0 2 2 1 1 1 0 1 0 2 0 0 1 1 2 2 0 1 0 0 1 0 0 2 0 1 0 2 2 0 2 1 2 2 0 0 1 1 0 1 2 0 1 1 0 1 0 0 0 1 2 0 1 1 0 0 2 1 2 2 1 1 2 2 1 2 2 0 2 1 2 0 1 1 2 2 0 1 1 1 1 1 2 2 2 2 0 0 2 0 1 1 1 2 0 1 0 0 1 0 1 2 1 1 0 2 0 2 2 1 2 0 1 0 2 2 2 0 2 1 2 2 0 2 2 1 2 2 2 1 0 1 2 0 0 1 2 2 0 1 1 0 2 2 2 1 1 2 0 1 0 0 1 1
1 2 1
182:
0 2 2 2 0 1 1 1 1 0 0 0 1 1 0 2 2 0 2 1 1 2 0 2 2 0 2 0 2 0 0 1 0 0 0 2 2 1 1 2 1 2 0 2 1 0 0 2 1 2 0 1 2 0 2 2 1 0 0 2 2 0 1 1 1 0 0 1 2 1 0 2 1 0 2 0 2 0 2 0 0 2 1 1 0 1 0 1 2 0 0 2 2 0 2 2 1 0 1 2 2 2 2 0 0 2 2 2 1 1 0 2 0 1 1 0 1 0 2 2 2 1 2 2 0 1 1 1 2 0 0 0 1 1 0 0 2 1 0 1 2 1 2 0 2 2 2 1 0 0 1 1 2 2 1 2 0 0 1 1 0 1 0 2 0 2 2 2 1 0 1 1 2 2 0 1 2 1 2 2 2 0 0 0 1 2 2 0 0 1 0 0 0 2
1 1 0
183:
0 0 0 0 0 1 0 2 0 1 2 1 1 0 2 1 2 1 1 1 0 2 0 2 2 1 0 0 1 2 2 1 0 1 2 0 0 0 0 2 0 1 0 1 0 1 2 1 2 2 2 0 1 0 1 2 0 0 0 2 1 2 2 2 2 2 0 2 2 1 0 1 2 0 1 2 2 1 2 0 0 0 1 1 2 0 2 2 0 0 2 1 0 1 2 0 1 2 2 0 2 0 0 1 0 0 2 1 1 2 1 2 2 1 0 2 0 0 0 0 1 1 1 0 1 0 2 1 1 2 2 1 2 2 2 0 2 0 1 0 0 0 0 1 2 1 1 2 2 2 0 0 0 1 1 1 0 2 2 0 1 2 2 0 1 2 0 1 0 2 0 1 0 2 2 0 2 0 1 1 1 1 2 1 0 1 1 1 2 1 1 1 2 2 2
2 2 1
184:
0 2 0 0 1 2 0 1 2 0 0 1 1 1 1 0 0 2 0 0 2 1 0 1 0 2 2 1 0 2 2 0 2 1 2 2 2 1 1 1 1 0 2 1 0 2 2 1 1 2 2 0 0 2 2 1 0 2 0 2 0 0 2 2 0 1 1 1 1 2 2 2 0 2 1 2 2 1 0 1 0 1 1 1 1 2 0 0 0 2 1 0 1 0 2 2 1 1 2 2 2 1 1 1 0 1 2 1 1 2 1 0 0 0 0 2 0 0 2 1 1 1 0 0 2 1 1 2 0 0 2 0 0 0 0 0 1 0 1 2 2 1 1 0 1 0 2 1 0 0 2 2 1 0 2 1 2 0 1 0 1 1 1 2 0 1 2 1 0 2 1 1 0 0 0 1 0 2 0 0 0 1 0 2 2 0 2 0 0 2 0 0 1 0 1 0
0 0 2
185:
1 0 1 1 1 2 2 2 0 1 2 2 1 2 1 0 1 2 1 2 1 2 1 0 1 1 0 0 1 0 1 1 1 1 0 0 0 2 2 2 2 0 0 2 2 0 0 1 2 1 1 1 2 1 1 1 1 1 2 1 1 1 1 0 1 0 0 0 2 0 2 2 1 0 2 0 1 0 2 2 2 2 0 0 1 1 2 0 1 2 2 2 0 2 0 1 0 1 0 2 0 0 0 0 0 0 0 1 1 1 1 1 1 1 0 2 0 0 1 1 1 2 1 1 2 0 1 1 2 2 2 1 0 1 0 1 0 2 2 0 2 2 2 0 1 0 2 0 0 0 1 0 0 0 2 1 0 2 0 2 2 0 1 2 0 2 0 0 1 1 1 2 2 1 2 1 2 0 0 1 0 0 0 0 1 0 0 0 2 1 0 0 2 2 1 0 0
0 0 1
186:
2 1 1 2 0 1 0 0 2 1 1 0 0 0 0 1 0 0 2 2 0 0 0 0 2 2 1 2 1 1 0 2 2 0 0 2 1 1 1 1 0 0 0 0 1 1 0 2 0 2 2 2 0 0 0 0 1 1 1 2 0 2 0 2 2 0 2 1 0 2 0 0 2 2 1 2 0 1 2 1 2 0 0 0 0 1 1 1 1 0 0 1 0 1 1 1 2 0 1 2 2 0 0 2 0 1 1 2 1 0 2 2 0 2 1 2 0 0 0 2 2 2 0 1 2 2 1 0 0 1 0 1 0 2 2 0 2 1 0 2 2 1 0 0 1 0 2 2 0 2 0 0 0 1 2 2 2 1 2 2 0 0 0 2 0 1 1 1 0 0 1 0 1 1 0 2 0 1 2 2 2 0 2 2 1 1 0 2 0 0 1 0 1 1 0 2 0 0
1 0 1
187:
2 1 0 2 1 1 0 0 1 0 0 0 0 2 2 0 1 1 1 0 1 1 0 0 1 1 0 1 1 2 1 0 2 1 1 0 1 0 2 1 0 0 1 0 2 0 1 0 0 1 0 0 0 2 1 1 1 0 1 2 0 0 2 0 0 2 2 0 1 1 0 0 2 0 0 0 1 1 2 2 2 1 1 2 0 1 0 0 1 1 2 1 0 2 1 2 1 0 0 2 2 1 1 1 1 1 1 0 2 2 2 1 1 2 0 1 2 0 0 2 0 0 1 2 1 2 0 0 0 0 2 2 1 1 0 2 2 2 2 2 1 2 1 0 1 1 1 2 2 1 2 2 0 1 2 1 1 2 1 2 1 0 1 2 0 1 0 0 2 2 0 1 2 0 1 2 1 0 2 0 1 1 2 0 1 0 1 1 1 1 2 2 2 2 2 2 0 0 0
1 2 2
188:
1 1 1 1 2 2 2 1 2 1 1 1 1 2 1 1 0 2 1 1 2 0 1 0 1 0 1 0 2 2 1 2 1 1 1 2 0 0 1 2 2 1 0 2 1 0 2 1 1 2 1 1 0 2 0 2 1 1 1 0 2 2 1 1 0 2 2 2 0 0 0 1 0 2 0 0 0 2 1 1 1 2 0 2 1 1 0 0 2 0 1 1 1 1 1 1 0 2 1 0 2 2 1 2 1 0 1 1 0 0 1 0 1 1 0 2 1 1 2 1 2 0 0 1 0 1 0 1 1 1 2 1 1 2 0 1 0 0 0 1 0 2 1 1 1 0 1 0 0 1 0 1 2 0 2 2 2 2 0 2 2 1 2 0 2 1 0 0 0 2 0 1 2 0 1 2 1 1 2 1 0 1 1 1 0 2 1 0 1 0 1 2 0 1 2 2 1 2 1 1
2 2 0
189:
1 0 2 2 2 0 0 1 0 2 2 1 1 0 1 2 1 0 0 2 1 1 0 0 2 0 0 0 0 1 0 0 2 2 2 0 2 2 0 0 1 0 2 0 2 2 0 0 2 2 1 0 2 2 0 0 0 2 0 1 2 2 2 2 2 0 0 2 1 0 0 1 0 2 1 2 0 0 0 1 1 1 1 0 1 1 0 0 1 2 2 1 1 0 0 2 1 0 0 1 0 0 2 1 2 0 1 2 2 2 2 0 0 0 1 1 1 2 2 0 1 0 1 1 0 0 2 0 2 1 0 0 2 2 2 1 0 2 2 2 1 2 1 1 1 1 1 0 2 1 2 2 2 1 1 0 1 1 2 2 1 0 1 0 0 1 2 1 2 1 2 1 2 1 1 2 0 1 1 2 1 2 1 0 1 0 1 1 0 2 1 0 2 1 1 2 0 0 0 0 2
1 1 2
