Base:
0:
1 1 0 2 0 1 1 1 1 0 2 0 1
1 0 0
1:
1 2 0 0 0 1 2 0 1 0 0 1 1 1
1 1 0
2:
0 1 1 1 2 0 1 1 1 0 1 1 0 0 0
2 0 0
3:
1 1 1 1 2 1 0 1 0 0 0 2 1 1 0 1
0 0 1
4:
1 1 0 1 1 1 1 1 1 2 0 2 1 2 1 0 1
2 0 0
5:
0 1 0 2 2 0 1 2 0 1 2 2 1 2 0 0 0 1
2 1 1
6:
1 0 0 1 1 2 0 1 2 0 0 0 1 0 0 2 0 1 1
0 0 1
7:
0 1 2 2 2 2 0 0 1 2 0 1 0 1 2 0 1 1 1 0
2 0 0
8:
0 0 0 0 1 2 1 0 2 1 0 2 2 0 2 2 0 2 0 0 1
2 1 1
9:
2 1 0 0 0 1 1 0 0 0 1 1 1 2 1 0 2 1 2 2 2 2
2 2 0
10:
2 0 0 1 1 2 2 2 0 0 2 1 1 2 0 1 2 2 2 1 1 1 0
2 0 2
11:
2 0 2 1 0 1 1 1 2 2 1 0 2 2 2 1 1 2 0 1 1 2 1 1
1 2 1
12:
0 0 2 1 2 2 1 2 0 1 2 1 2 1 1 1 2 2 0 2 0 1 0 1 0
0 0 2
13:
0 0 0 1 2 1 1 1 2 0 0 0 0 2 0 0 1 0 2 0 0 0 0 2 1 1
0 0 2
14:
1 2 0 2 0 1 0 2 2 1 0 1 0 2 0 2 2 0 2 0 2 2 1 1 1 2 1
1 1 0
15:
2 1 1 2 0 2 0 0 0 2 0 1 0 1 1 2 0 2 2 2 1 2 2 2 2 2 0 1
1 2 1
16:
1 2 1 0 1 1 0 2 2 1 0 1 2 0 0 0 1 2 1 0 2 1 0 2 1 0 1 1 0
0 2 2
17:
1 1 0 0 1 0 0 0 2 2 2 2 2 2 2 1 0 1 1 0 0 0 0 1 1 2 2 1 1 0
0 0 2
18:
0 2 0 1 0 1 0 2 2 1 1 1 0 2 0 0 1 2 2 2 0 0 0 0 0 2 2 2 0 2 1
1 1 0
19:
2 1 1 1 0 2 2 2 1 2 1 0 1 2 0 2 0 0 0 1 1 1 0 1 0 2 1 2 1 0 1 0
1 1 2
20:
0 2 0 1 1 0 2 1 0 0 1 2 0 1 2 0 2 1 2 1 2 0 0 1 1 2 2 0 1 2 2 1 1
1 2 1
21:
0 0 2 0 0 0 0 0 0 2 1 1 1 2 2 1 0 1 0 2 0 0 1 1 1 2 2 1 2 1 0 0 2 0
0 0 1
22:
1 2 0 2 1 0 0 1 1 1 0 0 0 1 2 2 0 1 1 0 1 0 2 1 1 0 0 2 1 1 2 2 2 2 2
0 0 1
23:
1 2 2 2 1 2 0 1 2 2 1 1 2 1 1 2 0 0 2 0 0 0 0 2 1 2 0 2 1 1 1 1 2 2 0 2
0 0 2
24:
2 0 1 0 2 1 1 1 0 0 1 0 2 0 0 1 0 1 2 1 0 0 1 1 0 2 0 2 1 2 0 2 1 2 0 0 0
1 1 2
25:
0 2 1 2 1 0 1 2 1 1 1 2 2 0 0 2 2 0 2 1 2 2 1 0 0 2 0 1 1 0 1 1 1 1 1 2 0 0
2 0 0
26:
0 2 1 0 2 1 0 0 2 0 2 0 1 1 2 0 1 1 1 0 2 2 1 2 2 0 0 0 1 2 0 1 0 0 1 1 1 2 1
0 2 0
27:
1 1 2 2 0 0 1 1 0 1 2 2 0 2 2 1 1 2 1 0 2 0 1 2 2 2 1 2 2 1 1 1 0 1 1 1 0 1 0 0
2 1 1
28:
2 1 0 1 1 1 2 1 1 1 2 0 2 0 2 2 1 2 2 2 0 0 2 2 0 2 2 1 2 0 2 1 0 0 1 2 0 1 1 1 1
1 0 1
29:
0 1 2 2 0 2 0 1 0 2 1 1 0 1 0 2 1 1 0 0 0 0 2 2 0 0 1 0 1 0 0 2 2 1 0 0 1 2 1 2 0 2
2 0 0
30:
0 0 0 0 2 1 0 0 0 1 0 0 2 2 0 2 0 0 1 1 2 2 0 2 2 2 2 0 1 0 0 0 0 0 2 0 0 2 2 2 1 1 0
2 1 1
31:
2 2 1 0 1 1 2 1 0 2 2 1 1 2 1 1 2 1 0 0 0 1 2 1 1 1 1 2 0 1 1 2 0 1 1 0 1 0 0 0 2 0 0 2
0 1 1
32:
2 2 0 2 0 0 1 1 2 0 0 1 0 0 1 2 0 1 0 2 1 1 0 0 2 0 0 2 2 2 2 1 1 0 1 0 2 0 2 2 2 2 2 2 1
1 2 1
33:
2 0 2 0 0 2 1 0 0 1 2 1 0 1 0 0 2 0 2 0 0 2 1 0 2 1 2 2 0 2 1 1 2 1 2 1 2 0 2 1 0 0 2 1 1 1
0 2 2
34:
0 1 0 2 0 0 0 0 1 1 1 2 0 1 2 1 2 2 2 2 0 0 0 1 2 1 2 0 0 0 0 0 2 0 1 2 0 2 2 0 0 2 2 1 1 2 2
2 0 2
35:
1 1 2 1 1 0 0 1 0 1 2 0 2 2 0 1 0 0 2 1 2 2 1 1 2 2 0 0 0 1 2 2 1 1 1 0 0 2 0 2 1 1 2 0 2 1 1 1
1 0 1
36:
1 0 2 1 0 2 2 0 0 2 0 1 0 2 0 2 2 2 1 0 2 1 1 1 1 1 0 0 0 0 0 2 1 0 1 2 0 2 2 0 2 0 1 0 1 1 2 1 1
0 2 0
37:
0 1 2 1 0 0 1 1 0 0 1 0 1 2 2 1 0 0 0 2 1 0 1 1 1 0 0 1 2 1 1 0 0 2 1 1 1 2 1 2 1 0 2 2 1 1 1 1 0 1
0 1 1
38:
2 1 2 2 0 2 0 2 2 1 2 0 0 0 0 2 1 2 2 2 1 2 2 2 1 1 0 0 0 1 0 1 2 1 1 2 2 0 2 1 1 0 2 1 2 0 0 0 1 0 2
1 2 2
39:
0 2 1 0 1 1 0 1 0 1 2 2 0 1 2 0 0 2 0 2 2 0 0 2 2 1 1 2 2 2 0 0 2 0 1 1 0 0 2 2 0 2 1 1 2 0 0 1 0 0 2 2
2 0 2
40:
1 1 0 2 0 2 2 0 0 0 2 0 1 1 2 1 1 2 1 2 0 2 2 1 0 0 2 2 2 0 0 1 1 2 0 1 0 0 1 1 1 2 2 1 0 1 1 2 0 2 0 0 0
2 1 1
41:
1 1 2 0 2 2 1 0 0 0 0 0 1 2 2 2 2 1 0 1 1 1 2 1 2 0 0 1 0 1 2 1 0 1 2 0 0 1 1 2 0 1 2 2 0 0 2 1 1 2 2 0 2 0
1 0 1
42:
2 2 2 1 0 1 2 2 1 0 0 0 2 2 1 0 0 2 0 0 0 1 0 1 0 2 2 2 2 2 1 1 1 2 2 0 0 2 1 1 1 2 0 1 1 2 1 2 0 2 1 2 1 0 1
1 2 1
43:
2 1 0 2 0 0 1 1 0 0 2 0 0 1 0 2 0 1 0 1 1 2 0 2 2 1 0 0 2 0 1 0 0 1 2 0 0 0 2 1 2 2 0 0 0 2 1 2 0 0 0 2 0 2 1 0
1 2 2
44:
0 1 2 1 2 1 0 1 2 0 2 2 1 0 2 1 0 2 0 0 2 2 0 2 2 0 1 2 0 0 0 2 0 1 0 2 2 2 1 2 1 0 2 2 2 2 2 1 0 1 0 2 2 1 0 1 1
2 0 2
45:
2 1 2 2 0 0 1 1 1 2 2 2 0 1 0 0 0 0 0 1 1 1 1 2 0 2 1 2 1 1 1 1 2 0 0 1 0 0 1 1 0 2 1 2 1 1 2 0 1 2 1 0 1 2 2 1 1 0
2 1 2
46:
2 0 0 2 2 0 1 2 2 0 1 2 2 2 0 0 1 1 0 0 2 0 0 1 0 0 0 1 0 1 0 2 0 2 1 2 2 0 2 2 1 2 1 1 1 2 2 1 2 2 1 0 2 0 0 1 0 0 1
0 0 2
47:
2 1 0 2 1 1 0 1 2 0 0 0 1 2 1 0 0 1 2 1 2 2 1 2 2 0 0 1 1 2 1 0 2 0 2 0 2 0 2 2 0 0 2 1 0 0 2 0 0 0 2 2 2 2 1 1 0 2 2 1
1 1 0
48:
2 0 0 2 2 1 0 0 2 1 2 0 0 0 0 2 1 2 0 2 0 1 2 2 1 2 1 0 0 1 1 2 1 0 1 0 2 2 0 2 2 2 0 0 1 0 1 1 1 1 0 0 1 2 0 0 2 0 1 0 2
1 0 1
49:
1 2 1 0 0 1 2 2 0 2 1 2 2 0 1 0 0 2 2 1 0 1 0 2 2 2 0 2 0 0 1 0 2 0 2 1 0 0 1 2 2 0 2 1 2 0 2 0 2 0 0 2 0 0 0 2 2 2 1 2 1 0
1 0 0
50:
2 1 2 1 0 0 1 2 1 0 2 0 0 0 0 1 0 0 2 1 1 0 1 0 0 1 2 0 0 1 2 1 0 0 0 2 0 1 1 2 2 1 0 1 1 2 2 0 1 2 0 1 0 0 0 0 1 2 1 0 1 1 1
0 1 0
51:
0 2 2 2 1 1 2 1 2 0 1 1 2 1 0 0 0 0 2 2 1 2 0 0 2 0 1 1 1 0 1 2 1 2 1 2 1 2 0 0 2 2 1 0 0 1 2 1 2 2 2 0 2 2 0 2 1 0 2 2 1 1 2 1
2 0 2
52:
2 1 2 2 2 0 0 2 2 1 1 2 1 1 0 0 2 0 1 1 0 2 1 2 1 0 0 0 0 2 1 1 1 1 1 0 0 0 2 1 0 2 1 2 1 0 2 1 0 2 1 0 0 1 2 0 2 2 2 2 0 2 0 1 1
2 0 2
53:
1 2 0 1 0 2 0 1 2 2 1 1 2 2 0 0 2 2 0 2 0 0 1 2 0 1 2 2 0 2 0 0 2 2 0 0 0 1 0 1 1 1 2 0 2 1 0 2 1 2 1 2 0 1 0 2 0 0 2 0 1 0 0 0 0 1
0 1 1
54:
2 1 1 0 1 2 0 1 0 1 2 0 0 1 2 1 2 2 0 0 0 2 1 1 0 0 0 0 1 1 0 2 2 0 2 1 1 0 2 2 2 1 0 2 0 1 2 0 2 1 0 2 0 2 1 1 2 2 1 0 1 0 2 1 0 2 0
1 0 1
55:
2 1 2 0 0 2 2 0 1 0 1 1 1 0 2 2 1 2 0 2 0 2 0 1 0 0 0 0 1 0 2 1 1 1 2 1 0 2 1 2 1 0 1 1 2 1 1 1 0 2 1 1 1 0 1 1 1 1 1 1 0 1 1 1 1 2 1 0
0 2 2
56:
1 0 1 0 2 1 0 0 2 1 1 0 1 0 0 0 1 2 0 1 1 0 0 2 0 1 0 0 0 0 0 1 0 0 1 0 2 2 0 0 0 0 0 1 1 1 2 0 2 1 2 0 0 2 2 2 0 0 2 0 1 1 2 1 2 0 0 0 1
2 1 2
57:
0 2 1 0 1 2 0 2 1 0 2 1 1 0 1 0 0 0 1 0 1 0 2 2 1 1 0 2 1 1 1 1 2 1 2 2 1 1 0 2 2 1 0 1 0 0 0 0 2 2 2 0 2 0 0 2 1 1 0 0 2 1 2 1 2 1 1 2 2 0
1 0 0
58:
2 2 2 0 1 2 0 2 2 1 2 2 1 2 2 1 2 2 1 0 0 1 2 0 2 0 1 0 0 2 0 2 1 1 2 0 1 2 0 1 1 0 2 2 1 1 0 0 2 2 1 0 1 2 1 2 1 2 2 2 2 0 0 0 1 1 0 1 0 2 0
2 2 0
59:
2 2 1 0 0 1 0 2 0 2 2 2 2 1 2 1 2 1 0 0 2 2 0 1 0 2 1 1 2 0 1 2 0 2 2 0 0 2 0 2 1 1 0 2 1 1 0 2 0 1 2 0 2 0 0 1 0 0 2 0 2 0 0 1 1 2 0 1 1 2 1 2
0 0 1
60:
1 1 2 2 1 2 1 1 2 2 0 2 1 1 0 1 1 1 0 2 1 2 1 0 1 1 0 1 0 0 0 0 1 1 1 1 0 0 2 0 1 2 2 1 0 2 2 0 1 0 0 1 2 2 2 0 2 2 1 0 0 2 0 2 0 0 0 0 2 1 1 0 2
2 2 0
61:
0 2 0 2 0 1 2 2 0 1 0 1 1 0 0 1 2 0 0 1 2 2 2 2 0 1 0 1 2 1 2 2 2 2 2 1 0 0 2 1 0 1 2 2 0 0 2 2 2 1 2 1 1 0 0 2 2 0 2 0 2 0 1 2 1 1 1 0 2 1 2 1 2 0
2 1 1
62:
2 1 1 2 2 2 0 1 0 2 1 1 0 1 1 1 0 2 2 2 0 2 0 1 1 1 1 2 1 0 0 2 0 1 1 2 0 1 2 0 2 0 0 1 1 1 2 0 1 1 0 0 1 1 0 2 2 1 1 2 1 2 0 1 0 0 2 1 0 2 0 1 2 1 1
1 0 1
63:
2 2 0 0 0 1 1 1 2 1 0 0 0 1 1 1 1 2 2 0 0 0 1 0 2 2 2 0 0 1 0 0 0 0 2 0 0 1 2 0 0 1 1 1 2 2 2 0 2 2 0 2 1 1 1 0 2 2 1 1 1 0 0 0 0 0 0 1 1 2 2 2 2 2 2 1
0 0 1
64:
0 0 2 1 1 0 0 0 1 1 1 2 1 2 2 1 1 0 1 0 1 2 1 0 2 1 1 0 1 1 0 0 1 1 1 0 2 2 2 2 0 1 1 0 2 2 0 0 1 2 1 0 2 2 0 1 0 2 0 1 0 2 2 2 2 1 0 2 0 1 2 2 2 1 2 2 0
0 1 0
65:
1 2 0 0 2 2 1 0 1 1 0 2 1 0 2 1 0 2 0 0 0 2 0 0 1 1 2 2 1 1 2 1 1 2 0 2 1 2 0 1 2 2 1 2 2 1 1 1 2 2 2 2 1 0 2 1 1 1 0 2 1 2 2 1 0 2 2 2 2 1 2 2 1 0 1 1 0 0
1 2 2
66:
0 2 1 1 0 0 0 2 2 2 2 0 0 2 2 2 0 1 1 2 2 1 1 0 0 1 2 2 1 1 0 0 1 1 2 1 2 0 1 1 1 0 0 0 2 0 1 0 0 0 2 2 2 2 1 1 0 1 2 0 1 0 2 0 0 2 0 1 0 0 2 1 0 2 1 2 2 2 1
1 0 1
67:
2 0 2 1 1 2 2 2 2 1 2 2 0 1 2 1 2 0 0 0 0 2 2 1 2 0 1 1 0 0 0 1 0 1 2 0 2 1 1 1 1 2 0 1 1 0 2 1 1 0 0 1 2 0 0 0 2 1 1 0 2 0 1 2 2 2 2 2 0 1 2 1 1 2 0 2 0 2 1 2
2 2 1
68:
2 1 1 1 0 1 2 2 2 1 0 2 2 0 1 0 1 2 2 0 1 2 2 2 0 0 1 1 2 2 1 0 2 0 0 2 2 0 2 0 2 1 0 2 0 2 1 1 1 0 0 0 0 2 1 1 1 0 2 0 2 0 2 1 1 2 0 1 0 2 2 2 2 0 2 2 1 2 0 2 1
1 0 1
69:
2 2 1 0 1 0 2 2 1 1 2 0 2 1 1 0 0 1 2 1 0 2 2 1 2 2 0 0 2 1 0 1 1 0 0 2 2 2 1 2 1 1 0 1 1 2 2 0 2 0 2 1 2 1 0 0 2 0 0 1 2 2 0 0 1 2 1 0 0 1 0 2 1 2 2 0 2 0 0 2 2 2
1 2 1
70:
1 2 1 0 0 1 1 0 2 1 1 1 2 2 0 2 0 1 0 0 2 2 1 0 2 1 1 2 1 2 1 2 0 2 0 2 1 0 0 0 1 1 0 0 2 2 0 2 1 2 2 1 1 1 2 1 1 0 0 0 2 2 0 1 2 2 1 2 2 0 1 0 0 2 0 1 2 0 0 2 2 2 0
1 2 1
71:
2 1 1 0 1 0 2 2 1 0 0 1 2 1 0 2 2 0 1 2 2 2 1 1 1 1 1 2 0 1 1 1 0 2 2 0 2 0 0 2 0 1 0 2 1 0 0 2 0 2 1 0 0 2 1 0 1 0 1 0 2 2 2 0 0 2 1 1 1 1 1 2 0 1 2 2 1 0 2 2 2 0 0 1
1 0 0
72:
0 2 2 0 2 0 1 0 0 2 1 2 0 1 2 1 0 1 1 0 2 1 0 1 0 1 1 2 2 0 1 2 2 2 1 1 1 1 1 0 2 0 2 0 2 1 1 1 1 1 1 0 1 1 0 2 1 2 0 2 2 2 2 0 1 2 0 2 2 1 0 1 1 2 0 0 2 1 0 2 1 2 0 2 1
0 2 0
73:
0 2 0 2 1 2 1 1 2 2 2 0 0 0 2 2 1 0 1 1 0 2 2 2 0 0 2 1 2 0 0 0 1 2 1 0 1 1 2 0 1 1 2 0 2 0 0 1 0 1 1 1 2 2 0 2 2 0 1 0 0 2 2 1 2 0 1 1 1 1 1 2 1 1 2 1 2 1 0 0 1 2 1 1 1 0
0 2 0
74:
2 1 2 0 2 2 2 2 0 2 1 2 1 0 2 1 2 0 0 2 2 0 1 2 0 2 0 1 2 2 0 0 1 2 2 0 0 0 1 2 2 2 0 1 2 2 1 1 2 1 1 2 2 2 1 0 0 1 2 1 0 1 2 0 2 1 0 0 1 0 0 1 0 1 0 1 1 0 2 1 2 2 0 1 1 2 2
1 0 1
75:
2 0 1 2 2 2 1 2 2 1 2 0 0 0 1 0 1 0 0 2 1 0 1 1 1 2 0 0 0 2 1 1 1 0 1 2 1 0 2 1 2 1 0 1 2 0 0 1 1 2 2 1 0 1 1 1 0 0 1 0 1 0 1 2 0 2 0 0 1 2 0 2 2 0 1 1 2 1 1 0 2 1 2 1 2 0 1 0
1 0 0
76:
0 1 0 0 2 0 0 0 2 1 2 1 2 1 0 0 1 0 1 1 2 1 2 2 0 2 2 0 2 0 1 0 1 2 2 0 0 2 0 1 1 1 2 1 1 1 2 0 0 2 1 0 0 1 2 2 1 2 2 2 2 2 0 2 1 1 1 0 1 1 0 2 0 0 0 0 0 1 2 2 0 1 1 1 2 0 2 0 1
1 2 2
77:
2 2 2 0 2 1 0 1 0 0 1 1 0 0 0 2 0 0 0 2 1 2 1 2 0 2 0 1 1 1 1 0 2 1 0 0 0 0 0 2 2 0 0 2 0 1 2 0 2 1 2 1 2 2 0 1 1 1 2 2 0 0 2 2 0 1 1 1 1 1 2 1 2 0 2 1 1 1 0 2 0 0 1 2 1 1 1 0 1 1
2 0 0
78:
0 0 2 2 1 2 1 2 1 1 2 2 2 1 0 2 0 1 1 0 1 1 0 1 1 1 1 0 1 0 2 1 1 2 2 2 2 2 0 2 0 2 1 1 2 1 1 0 0 2 0 1 2 2 2 2 2 2 0 1 2 1 1 2 0 2 2 0 1 0 0 1 2 2 2 0 0 0 0 1 0 2 1 0 1 1 0 0 1 2 2
1 1 2
79:
2 1 2 0 0 1 2 0 0 1 2 2 1 2 0 1 1 2 2 0 1 2 2 2 1 2 0 1 1 1 1 2 0 2 0 2 0 2 1 1 1 0 1 2 2 1 2 0 1 1 0 0 2 1 2 1 1 0 2 0 1 0 0 1 0 0 2 2 2 2 1 0 0 2 1 1 1 2 1 2 1 1 2 2 2 0 1 2 0 2 0 2
0 0 1
80:
0 2 2 0 0 2 2 2 0 1 2 1 0 2 1 0 1 0 2 1 1 2 2 1 1 2 0 2 1 1 1 1 1 0 0 2 2 0 2 1 0 2 2 0 1 0 0 2 1 0 2 0 2 2 1 1 2 2 2 1 0 2 1 2 2 1 1 2 2 2 0 0 2 1 1 1 0 2 0 0 1 1 2 0 2 1 0 2 2 1 1 0 1
1 0 1
81:
1 1 0 0 2 2 0 2 1 2 0 0 0 1 1 1 2 1 0 2 2 2 1 0 2 1 0 2 0 0 0 0 1 2 2 0 0 1 1 2 1 2 2 1 0 1 0 0 1 1 0 0 0 0 1 2 2 2 1 0 0 0 1 2 0 0 2 0 0 1 2 0 0 1 0 2 1 0 0 2 0 2 2 1 2 1 1 0 0 1 1 1 2 2
1 1 0
82:
1 0 0 0 1 0 1 1 0 0 0 2 2 0 0 0 1 1 0 0 1 1 1 1 1 1 0 2 1 2 1 0 2 2 0 2 2 0 1 1 1 2 2 0 1 1 1 0 0 1 1 1 0 2 0 2 0 0 2 0 0 0 2 2 1 2 1 0 1 0 2 0 0 0 2 0 1 1 2 2 0 1 2 2 0 1 0 1 2 2 1 0 0 2 2
2 1 1
83:
2 2 1 2 0 1 2 2 1 0 1 0 2 1 0 1 2 1 0 1 0 2 0 0 1 1 1 2 1 1 2 0 1 2 1 2 2 2 2 2 1 1 0 2 1 1 1 2 1 2 2 2 2 0 2 0 0 2 2 2 0 1 1 0 2 0 2 1 1 2 1 1 0 0 2 2 1 1 2 0 2 1 0 0 2 2 1 2 2 0 2 1 2 2 0 1
2 1 1
84:
2 0 2 0 2 2 2 0 2 0 0 1 0 2 0 1 0 0 1 0 0 0 0 0 1 0 1 2 1 2 0 1 1 2 2 0 1 1 1 2 0 0 0 1 2 1 1 2 2 0 0 1 2 2 0 1 1 0 2 2 0 2 0 1 0 0 1 0 0 0 1 0 2 1 0 2 2 0 1 2 1 1 0 2 2 0 0 0 1 0 0 0 2 1 2 1 2
2 1 1
85:
0 2 2 1 2 1 0 1 0 1 0 2 1 2 1 1 1 2 0 1 2 2 1 1 0 0 0 2 2 1 2 1 2 0 0 0 2 0 2 1 2 1 2 2 0 2 1 0 1 2 0 0 0 0 1 1 1 0 1 1 0 1 2 2 0 2 0 0 2 0 1 1 0 1 1 1 2 0 1 2 1 0 0 0 0 1 0 1 1 0 0 2 0 1 1 0 2 0
1 1 0
86:
0 1 0 2 1 1 0 2 1 0 2 2 1 2 1 2 1 1 1 1 2 2 2 0 2 2 1 0 0 2 2 1 0 0 2 1 0 0 1 1 1 0 1 2 0 0 2 0 0 1 2 2 2 0 1 0 0 2 2 1 0 1 0 1 2 0 1 1 1 1 2 2 2 0 1 1 1 2 0 0 2 1 2 1 0 0 1 1 0 1 2 0 1 1 0 0 0 0 0
0 0 1
87:
2 2 2 0 2 0 1 1 2 1 1 1 0 2 0 0 2 2 0 0 2 0 0 0 0 0 2 1 1 1 0 1 1 2 2 2 0 2 0 1 1 0 1 1 2 2 0 0 1 0 1 2 2 2 2 0 1 0 0 0 1 2 1 2 2 2 2 1 1 2 0 1 2 2 2 2 2 0 1 0 1 2 2 2 2 2 2 1 0 0 0 2 2 1 2 2 0 2 0 0
2 0 0
88:
0 0 0 0 2 0 0 2 1 0 2 1 0 1 0 0 0 0 2 0 1 0 1 2 0 0 2 2 0 0 0 2 0 0 0 2 0 1 1 2 0 0 1 0 0 1 0 1 2 2 1 0 0 1 0 2 1 0 2 2 2 0 1 0 1 1 2 2 0 0 0 1 2 0 0 2 2 0 2 2 0 2 0 2 1 0 0 1 0 2 1 2 0 1 1 1 1 2 1 1 2
2 2 0
89:
1 1 1 2 2 2 1 0 1 0 0 2 1 2 0 0 2 2 1 1 2 2 1 1 0 0 1 1 0 0 1 1 0 2 2 2 2 2 1 0 2 1 2 2 1 1 1 2 1 2 2 2 0 1 0 1 2 2 1 2 0 0 1 0 1 2 0 0 2 2 2 2 2 1 2 1 2 1 2 2 1 2 2 0 1 0 0 1 0 1 1 1 1 1 2 1 0 1 1 2 0 0
1 1 0
90:
0 1 0 1 2 0 0 1 1 0 0 1 1 2 0 1 1 0 1 2 0 1 2 2 0 0 0 2 2 0 2 1 0 0 0 0 1 0 0 0 1 2 0 2 2 1 0 1 1 1 0 0 2 2 1 1 2 2 0 2 2 0 0 0 0 0 1 0 2 0 2 1 2 2 2 0 1 2 0 1 1 2 1 1 0 0 2 2 2 1 0 1 1 1 1 0 0 0 0 2 0 1 1
0 0 1
91:
1 0 1 1 1 0 1 2 0 1 1 2 1 2 0 0 1 0 0 1 1 1 1 2 0 0 2 0 1 0 2 0 0 2 0 1 1 1 2 0 1 2 0 1 2 0 0 0 2 1 2 1 1 1 1 1 2 2 1 1 0 1 1 0 2 1 2 1 2 0 2 0 1 2 2 1 0 0 0 1 1 0 0 1 1 2 2 0 1 2 0 2 2 0 2 2 1 0 1 0 1 0 0 2
0 2 0
92:
1 0 1 0 0 1 2 1 1 0 0 0 2 2 1 0 2 2 0 0 0 0 1 2 0 1 2 2 1 1 1 0 1 0 2 2 2 0 0 2 2 0 2 2 0 1 0 0 1 0 2 0 1 2 0 1 1 2 1 1 1 2 2 1 0 0 1 0 0 2 1 1 0 0 1 1 1 2 1 1 0 2 2 2 0 0 0 0 1 0 2 2 0 2 0 2 1 2 2 2 1 1 0 2 0
0 0 1
93:
1 1 1 1 2 2 2 1 1 0 0 0 0 1 0 0 0 0 2 0 2 0 2 0 2 2 1 2 1 1 1 2 2 2 0 1 1 1 1 2 2 1 2 0 1 2 0 2 1 0 1 2 2 1 1 0 2 2 2 2 2 2 2 2 0 2 0 0 1 0 0 2 1 2 1 1 2 1 2 0 0 2 2 1 0 0 1 1 1 2 1 2 2 2 2 2 0 0 2 2 2 2 0 1 0 2
1 2 1
94:
2 0 2 2 1 2 0 0 2 1 0 0 2 2 2 2 0 2 2 0 1 1 1 2 0 1 0 0 0 2 0 1 1 1 1 2 1 0 1 0 2 1 0 0 2 1 1 1 0 2 1 0 0 2 0 1 0 2 0 1 1 2 0 2 0 1 2 1 2 0 0 2 1 0 1 2 1 2 2 1 2 1 0 2 0 0 2 0 1 0 1 0 0 0 0 0 1 0 0 2 2 1 1 2 0 1 0
2 2 0
95:
2 0 0 1 1 2 2 2 0 1 0 1 1 1 0 2 0 2 0 1 2 2 2 0 2 0 2 2 2 1 0 2 1 2 2 1 2 1 0 0 1 1 0 2 2 1 1 0 2 0 2 1 1 2 0 0 1 2 0 1 2 2 1 0 1 0 2 0 2 2 0 2 0 2 1 1 0 0 2 2 1 1 0 0 0 0 1 0 1 1 0 1 1 1 1 1 2 2 2 2 0 1 1 1 0 2 1 0
2 0 2
96:
0 1 2 0 1 0 1 0 2 1 1 2 1 1 0 2 0 2 1 1 1 0 2 1 2 1 0 0 1 2 2 1 0 1 1 0 1 2 1 0 2 0 1 2 0 2 2 2 2 1 0 2 2 0 0 2 0 0 1 1 2 0 1 1 2 2 1 1 2 0 1 0 1 1 0 1 0 0 1 1 1 0 1 1 1 0 0 2 1 1 1 1 0 2 2 2 2 0 0 1 0 0 1 1 2 1 2 1 1
0 2 0
97:
0 1 1 0 2 2 0 2 1 1 0 1 2 2 2 0 0 0 0 1 0 1 1 0 1 0 0 2 2 1 2 0 2 0 1 2 0 2 2 2 1 2 2 1 2 1 1 0 1 0 2 2 1 1 0 1 2 2 2 0 2 2 1 2 2 2 1 2 2 2 0 2 0 2 2 0 1 2 2 2 0 0 1 1 0 2 1 2 0 1 0 2 1 2 2 0 0 2 1 0 0 0 1 0 0 1 2 2 0 2
0 0 2
98:
0 1 0 0 1 2 2 1 0 2 1 1 2 0 0 2 2 2 2 2 2 1 0 1 0 2 1 0 1 1 2 2 2 1 1 0 0 0 1 1 1 2 1 0 0 1 0 2 2 2 1 2 2 1 2 1 1 0 2 0 1 2 2 0 1 0 2 0 0 0 0 1 2 2 0 1 2 2 1 1 2 0 0 2 1 2 2 1 2 1 2 1 2 0 1 1 2 2 2 1 2 0 2 0 0 0 0 1 1 1 2
1 1 0
99:
2 1 1 1 2 0 2 2 2 0 1 2 2 2 1 0 2 0 2 1 1 0 1 2 1 0 2 0 1 2 2 1 0 1 1 1 1 1 2 2 0 1 1 1 0 1 0 1 1 1 2 1 2 0 0 2 1 0 2 2 1 1 2 1 2 0 0 1 2 1 0 0 2 1 0 0 2 2 1 1 0 2 2 0 2 0 1 2 2 2 2 2 2 1 2 2 1 0 0 0 0 1 2 0 0 1 2 0 2 1 1 1
1 0 0
100:
0 1 0 1 2 0 0 2 0 2 2 2 1 1 0 0 2 0 2 2 2 0 1 0 1 2 1 0 2 1 2 1 0 2 0 1 1 1 2 0 0 2 2 2 0 1 1 0 2 0 2 0 0 0 2 0 1 1 0 2 0 2 2 0 2 2 1 0 2 2 1 1 1 0 1 1 0 2 1 1 1 1 0 0 0 2 2 2 1 2 1 1 0 0 2 2 0 2 2 0 2 1 1 1 2 0 0 0 0 0 2 1 1
2 2 0
101:
2 1 0 1 2 0 2 2 1 0 0 0 1 2 1 2 2 0 1 0 0 2 0 2 2 2 0 2 1 2 0 1 1 1 2 2 2 0 1 2 0 0 2 1 0 2 1 1 2 1 2 0 2 2 2 0 1 2 2 2 1 2 1 1 1 1 2 2 2 2 2 2 2 2 1 0 2 1 0 0 1 1 1 1 0 0 1 1 2 0 0 2 0 2 1 1 1 2 2 0 0 1 1 0 2 0 1 0 0 0 1 2 2 1
0 0 1
102:
2 2 2 0 1 1 0 2 2 1 0 1 0 2 1 0 0 2 1 0 2 1 2 0 0 0 0 2 2 0 1 2 2 0 1 2 0 2 2 2 2 0 2 1 2 0 0 1 1 2 1 1 1 1 1 0 1 2 1 0 1 0 2 0 1 2 0 2 2 2 0 2 1 2 2 1 2 1 1 1 0 0 0 0 1 0 0 0 0 2 1 2 2 0 1 1 2 1 0 2 0 1 2 0 0 1 2 1 0 1 2 2 1 2 0
0 1 0
103:
2 0 2 2 2 0 0 1 2 2 2 1 0 2 0 1 0 0 2 1 2 1 0 1 0 1 2 0 2 1 2 2 0 1 1 0 1 2 0 1 0 2 0 2 1 1 2 1 1 0 1 0 0 1 2 2 0 1 0 1 2 2 0 2 0 1 0 0 1 2 0 2 0 1 2 2 1 2 0 0 2 0 2 2 0 0 0 1 0 1 2 1 0 0 0 1 0 0 1 0 2 2 1 2 2 0 2 0 1 2 0 1 2 0 2 1
0 1 0
104:
0 2 2 0 1 0 1 2 1 1 1 2 1 1 0 2 0 1 0 1 2 1 2 1 0 1 2 0 1 0 1 1 2 2 0 1 0 1 1 2 1 1 0 1 1 1 1 0 2 0 1 1 0 0 0 2 1 2 1 0 2 2 1 2 2 1 0 0 0 2 2 0 0 1 2 1 2 1 0 1 1 1 1 1 1 0 2 1 1 0 2 2 2 2 2 0 1 0 1 0 2 2 0 0 2 2 2 0 0 2 1 2 1 1 1 2 2
1 2 1
105:
0 1 0 2 1 1 0 2 0 2 1 2 1 0 1 1 1 0 1 0 1 1 2 2 0 1 2 0 1 0 0 0 0 1 0 1 0 0 0 0 0 2 1 2 1 2 2 2 2 1 0 2 2 1 1 0 1 0 0 2 0 1 2 2 0 0 0 2 2 1 0 1 2 1 0 0 0 1 1 0 2 1 1 2 2 2 1 1 2 1 1 2 2 1 0 2 1 2 1 2 1 0 2 2 2 1 2 0 2 1 1 2 2 2 2 1 1 0
1 2 2
106:
2 1 1 0 0 1 2 1 0 0 2 2 0 1 1 1 1 0 2 0 1 1 1 2 0 0 2 1 2 2 2 1 1 2 2 2 0 2 1 2 1 1 2 1 2 0 1 2 2 1 2 0 2 1 0 2 2 0 2 2 1 2 2 2 0 0 1 0 0 2 0 2 1 0 1 0 0 2 0 1 1 0 0 0 1 2 1 2 1 0 0 0 1 1 2 2 0 1 0 0 1 1 1 0 1 2 1 0 2 2 1 1 1 2 0 0 0 2 0
2 0 0
107:
2 1 2 2 2 0 2 0 1 0 0 2 1 2 1 2 0 0 0 0 2 0 0 1 0 0 1 0 1 2 0 0 2 1 1 1 2 0 0 1 1 2 0 1 1 1 2 2 1 2 1 0 1 1 2 2 1 2 2 1 0 0 1 2 0 0 2 0 2 1 1 2 1 0 0 1 0 0 0 2 1 1 2 1 0 2 0 1 1 0 1 2 0 1 1 1 0 0 0 0 0 2 2 1 2 2 2 1 2 0 0 1 2 0 2 1 0 2 1 2
2 2 1
108:
1 1 2 0 1 0 2 1 2 0 0 1 1 1 1 1 0 2 0 2 0 1 1 2 2 1 1 0 0 0 1 1 0 0 0 0 2 2 0 2 1 2 1 0 1 0 2 1 1 1 0 1 1 0 1 2 2 1 1 2 2 1 1 1 1 2 2 2 0 1 0 2 1 0 2 2 1 0 2 2 1 1 2 0 0 1 2 2 2 2 0 2 2 1 0 1 2 0 0 2 0 0 0 0 1 0 0 0 2 2 0 0 2 2 1 2 0 2 0 1 0
2 0 2
109:
1 2 1 0 1 0 0 0 2 1 0 1 0 2 1 2 0 0 2 0 0 1 0 0 2 1 2 0 1 0 0 1 2 2 2 2 2 2 0 1 0 2 1 2 1 0 2 0 2 0 2 0 0 0 2 1 0 0 0 1 1 1 0 1 2 2 0 0 0 2 0 0 0 0 2 0 2 2 0 2 2 2 2 2 1 1 1 0 0 2 1 0 2 2 2 2 1 2 2 1 0 0 2 0 2 1 0 1 1 1 0 2 2 0 2 0 1 1 1 0 0 1
1 0 0
110:
0 0 2 1 2 1 2 2 2 1 2 0 2 0 1 1 0 2 1 0 1 2 1 2 2 2 2 2 0 0 1 0 1 1 2 1 1 1 1 1 0 2 1 1 2 0 0 2 2 2 0 2 1 2 0 1 2 0 1 0 2 0 2 0 2 0 1 1 2 0 0 1 0 0 2 0 1 1 2 2 0 1 2 2 0 0 1 1 0 0 1 2 2 2 0 1 1 2 2 1 1 0 0 1 0 0 1 0 2 1 1 2 2 2 2 2 0 1 1 0 1 0 0
2 2 0
111:
2 0 1 1 2 0 2 1 2 2 2 2 0 0 2 1 0 1 1 1 2 0 0 1 1 2 1 0 0 2 1 1 2 1 1 1 2 0 2 0 2 0 0 0 2 0 2 0 1 2 1 2 2 1 1 1 1 0 0 0 0 0 1 2 2 0 1 0 2 1 1 2 2 2 0 0 0 1 2 2 0 0 1 2 1 2 2 0 1 2 1 2 0 0 2 2 1 2 0 1 0 2 2 1 1 1 0 0 1 1 1 0 0 2 0 0 2 2 2 1 1 0 1 1
0 2 0
112:
1 1 2 2 2 0 2 0 1 1 0 1 1 1 1 2 0 2 0 2 2 0 0 2 0 2 2 1 2 1 1 2 0 1 1 1 2 1 1 2 2 1 1 0 0 2 1 0 0 0 0 1 1 2 0 0 2 0 1 0 2 2 0 0 0 0 2 2 0 1 1 1 2 1 2 0 0 1 2 1 0 2 2 1 0 2 1 0 0 2 0 2 1 1 1 2 2 0 0 2 1 2 0 2 2 2 1 2 2 0 0 0 0 2 1 1 1 2 0 1 2 2 2 2 0
1 0 0
113:
0 0 0 0 1 2 1 1 0 0 1 2 1 2 2 1 2 1 1 0 1 1 2 2 0 0 0 0 1 2 0 2 0 2 2 1 1 1 1 2 1 0 0 1 2 2 2 0 2 1 1 1 1 2 1 1 2 0 0 1 0 0 2 1 0 1 1 2 1 1 0 0 0 0 0 0 0 0 0 0 1 0 0 1 1 1 2 2 1 0 1 0 0 2 0 0 0 1 2 2 2 1 0 2 1 1 0 0 0 1 2 0 1 1 1 2 1 2 1 0 2 1 1 0 0 1
0 2 0
114:
1 2 2 0 2 2 0 0 0 0 2 1 1 1 1 1 2 1 2 0 2 0 2 1 2 2 0 0 1 0 1 0 0 2 0 2 0 2 0 0 1 1 2 2 1 1 2 0 0 0 2 1 2 1 1 1 0 0 1 1 1 1 1 1 0 2 2 1 0 0 2 1 2 1 2 0 2 0 1 0 2 1 2 2 1 0 0 1 0 1 0 2 2 2 2 2 0 0 1 0 2 1 0 0 0 2 1 1 0 2 1 0 1 0 1 2 2 2 1 2 1 0 0 2 2 1 0
1 0 0
115:
1 0 2 2 0 1 2 1 0 0 1 2 2 1 1 2 2 1 2 2 2 1 0 0 0 0 2 2 1 0 0 2 0 2 2 1 0 0 2 0 1 1 2 1 1 0 2 1 1 1 1 0 2 1 1 2 0 2 0 2 1 1 1 2 0 0 1 0 1 1 1 2 1 0 0 1 2 0 0 0 0 1 1 0 1 1 1 2 2 0 1 0 2 2 1 0 2 2 1 1 1 2 0 0 0 0 2 0 0 2 2 1 2 1 0 1 2 2 0 2 1 2 1 0 2 2 0 1
2 0 0
116:
1 0 1 1 1 0 1 1 1 1 2 1 0 2 2 0 0 0 2 0 1 1 0 2 2 1 0 2 0 0 1 1 0 0 0 2 1 1 0 2 1 2 0 0 0 2 1 2 0 1 2 0 1 2 1 1 1 1 2 2 0 0 1 1 0 2 2 0 0 0 2 0 0 0 1 0 1 1 0 1 0 1 0 0 2 0 1 2 2 0 2 2 2 0 2 0 0 1 1 2 2 1 2 2 1 0 1 0 2 1 1 2 2 1 0 2 2 0 1 2 2 2 1 0 0 1 2 0 1
2 0 2
117:
2 1 2 2 0 1 1 2 0 2 2 1 0 0 1 1 1 2 0 1 1 1 1 0 1 2 0 1 2 0 0 0 2 0 0 2 1 0 0 2 1 1 1 0 2 2 0 2 1 1 0 2 0 2 0 1 2 0 0 1 2 2 0 2 0 1 2 2 0 0 1 1 0 0 0 1 2 2 0 1 1 0 2 2 2 1 1 0 0 0 1 2 2 1 0 2 2 2 1 0 0 2 0 0 1 2 2 2 1 2 0 2 0 2 0 1 1 1 2 2 2 0 1 2 1 2 1 1 1 1
2 1 2
118:
0 2 0 0 0 0 0 0 2 0 0 2 1 0 0 0 2 1 2 1 2 2 1 1 2 2 0 2 0 0 0 0 0 2 1 2 1 0 1 0 0 1 1 1 1 2 2 2 0 2 0 1 0 0 1 0 1 2 2 2 1 1 0 2 1 1 2 1 0 0 1 1 1 0 1 2 1 0 0 2 1 2 1 2 2 2 1 2 0 1 0 2 0 2 2 1 2 0 1 1 1 0 1 2 1 0 1 0 0 2 0 2 1 0 2 1 0 1 0 1 2 2 2 2 2 1 2 1 2 0 2
1 2 2
119:
1 2 1 2 0 1 0 1 2 0 1 1 0 0 2 2 1 0 2 0 0 0 1 2 1 2 2 0 1 1 0 1 0 0 0 2 2 1 2 1 2 2 0 2 2 2 0 1 0 1 2 1 2 2 1 2 2 1 0 2 1 2 1 0 1 0 1 1 1 2 0 0 1 0 0 2 0 2 2 0 2 1 1 0 2 2 0 1 1 2 1 2 2 0 2 1 1 1 1 1 0 2 2 2 0 0 0 1 2 1 1 1 2 2 1 2 2 2 1 1 0 2 0 2 2 2 1 1 2 0 1 0
1 2 2
120:
1 1 1 0 1 1 0 2 2 2 0 1 1 2 0 0 2 2 1 0 0 1 1 0 2 1 2 2 2 2 2 1 1 1 0 2 1 2 0 0 1 0 0 0 2 1 0 1 2 0 0 2 0 2 2 1 2 0 2 0 1 1 2 2 2 0 0 0 1 1 1 0 0 1 0 2 2 1 1 2 0 0 1 2 0 1 0 1 0 1 2 1 1 1 0 0 1 2 2 2 2 0 0 1 0 2 2 2 1 1 2 0 2 1 2 0 0 0 1 2 2 1 1 1 2 1 0 0 2 1 1 0 2
2 2 0
121:
0 2 1 2 1 2 2 2 2 0 0 1 0 1 1 0 0 1 1 1 0 0 2 0 0 2 1 1 0 1 0 1 2 1 2 2 2 1 1 0 2 2 0 2 1 1 2 2 1 2 2 1 0 2 0 2 1 0 0 0 2 0 2 0 1 0 2 2 0 2 2 2 1 1 1 2 1 2 0 2 2 0 2 0 1 2 1 2 1 1 0 1 2 2 0 0 2 2 2 0 2 0 2 1 0 0 2 1 2 0 2 0 1 2 0 2 0 0 2 0 1 1 0 2 2 0 1 2 0 2 2 2 2 0
1 1 2
122:
2 2 1 1 2 0 0 1 2 2 1 1 2 1 0 0 0 2 2 2 1 0 0 0 0 2 2 0 0 1 1 0 0 0 2 0 0 1 1 1 2 2 2 0 0 1 1 0 0 1 0 2 1 1 1 2 2 2 1 1 2 0 0 1 0 2 2 0 2 2 1 1 2 0 1 1 2 0 2 1 1 0 1 2 2 1 1 2 0 0 0 2 0 1 1 1 1 2 1 2 1 0 1 2 0 1 1 0 2 2 2 2 0 0 0 2 2 0 0 1 2 2 2 2 2 2 1 1 1 1 0 2 2 2 2
2 1 1
123:
2 2 0 0 2 2 0 0 1 2 1 0 0 0 0 0 0 2 1 2 0 0 0 2 0 2 1 0 1 2 0 2 0 0 2 0 1 1 2 2 2 2 2 0 2 0 1 0 0 1 0 0 2 0 1 2 1 1 2 1 1 2 2 2 0 0 0 2 0 2 1 2 2 2 0 2 2 0 1 1 1 2 0 0 2 0 2 0 0 0 1 1 1 2 2 0 0 0 2 1 2 1 1 1 0 0 2 0 0 2 1 2 0 0 1 2 0 0 0 1 1 0 0 0 0 1 1 1 2 0 2 2 1 2 2 2
0 1 0
124:
0 1 0 1 0 0 2 2 0 0 2 2 2 0 2 1 1 2 2 2 2 2 0 0 2 2 1 0 0 2 0 2 1 1 2 1 2 1 2 1 1 0 1 0 1 2 2 2 2 1 0 2 1 2 0 1 0 2 1 2 1 0 1 2 2 1 1 2 0 1 0 0 0 1 2 0 1 1 2 2 0 2 2 0 0 0 2 2 2 0 0 2 1 0 1 1 1 1 1 2 1 2 2 2 1 0 1 1 0 1 0 2 0 0 2 0 0 0 0 2 1 0 1 2 2 1 2 2 2 1 1 1 0 2 1 2 0
2 1 1
125:
1 1 1 1 1 2 2 2 1 0 0 1 0 1 0 0 0 0 0 1 1 1 0 2 2 1 2 1 0 2 0 1 2 2 1 0 0 0 0 1 1 1 2 2 1 1 1 2 0 2 0 2 1 2 0 1 2 2 2 0 2 1 2 1 0 2 2 2 0 1 1 0 1 0 2 1 0 2 0 2 1 0 0 0 0 1 1 2 2 2 1 0 2 2 0 2 0 0 0 2 2 0 2 1 0 1 1 1 1 2 0 2 2 2 2 1 0 1 2 1 2 1 0 0 0 2 0 0 1 2 0 1 2 2 2 0 2 1
1 1 0
126:
1 0 0 2 1 2 2 2 2 0 0 2 0 1 0 0 1 0 1 1 1 1 0 1 2 1 2 1 2 0 0 1 1 0 0 1 2 1 1 2 0 1 2 0 1 1 1 0 2 2 2 1 0 2 0 1 2 0 1 2 1 1 1 1 1 2 2 1 1 0 1 2 0 2 2 1 2 1 1 0 2 1 1 1 0 1 1 2 2 0 1 0 2 1 2 0 1 1 0 2 1 1 2 0 2 2 2 0 1 2 0 1 2 2 1 0 1 2 2 2 2 0 2 2 2 2 2 2 0 0 2 2 1 1 1 1 0 2 2
0 1 0
127:
0 1 1 0 2 2 1 0 1 2 2 0 1 1 0 2 1 1 2 0 1 0 1 2 2 2 0 0 2 2 2 0 1 0 2 2 1 1 0 1 2 0 1 1 2 0 1 0 1 1 0 2 1 0 0 0 1 0 1 0 1 2 2 2 1 2 0 2 1 2 0 0 2 1 0 2 2 0 1 0 1 2 2 1 0 2 0 2 2 1 1 0 2 0 0 2 2 2 1 2 1 1 2 0 1 2 2 1 2 2 0 1 0 2 2 1 1 2 2 0 2 1 2 2 0 0 1 0 0 2 0 2 0 1 2 0 1 0 1 1
2 1 1
128:
0 2 1 1 2 0 2 2 0 1 0 1 2 1 0 0 2 0 0 0 0 1 1 2 2 2 0 0 2 1 0 0 2 0 2 2 1 2 1 0 1 1 0 1 1 0 2 1 0 0 0 1 1 0 2 0 1 0 2 1 1 1 2 1 0 0 0 2 0 1 2 0 2 2 0 0 2 2 1 1 1 1 1 0 2 1 0 0 2 2 0 0 2 1 2 0 0 0 1 2 2 1 2 2 2 2 0 2 0 1 1 0 2 0 2 0 0 1 0 1 1 1 1 1 2 0 1 2 0 2 2 1 1 2 0 2 0 1 1 1 2
1 0 1
129:
1 2 2 2 0 0 2 0 1 2 1 2 1 0 0 2 0 0 1 2 1 0 1 0 2 1 1 2 1 1 1 1 0 2 0 0 2 2 0 0 1 2 2 0 2 1 2 2 1 1 2 0 0 0 0 1 2 1 2 0 2 2 1 0 2 2 2 0 0 2 2 0 0 2 2 1 1 0 2 0 2 1 0 1 0 1 2 2 0 2 2 1 1 1 0 1 2 2 2 1 2 2 1 2 1 2 1 0 0 0 0 1 0 0 1 2 1 1 1 0 0 0 2 2 2 1 2 0 0 2 0 1 2 1 0 1 2 1 1 0 1 1
2 0 2
130:
2 1 0 0 2 1 2 1 2 2 1 1 0 0 2 1 1 2 0 1 1 0 1 0 2 1 0 1 2 0 1 2 0 2 0 1 0 2 1 0 0 0 2 2 1 2 0 1 2 1 2 1 1 2 2 1 2 0 2 0 0 0 1 0 0 0 2 2 0 2 1 0 0 2 0 2 0 2 1 2 0 0 2 1 0 2 2 1 0 1 1 0 0 1 1 2 1 0 0 1 1 2 1 2 2 0 2 2 0 0 0 0 2 1 1 2 1 1 1 0 0 0 2 0 2 2 2 1 2 0 1 1 1 1 1 1 1 0 1 1 1 0 0
2 0 2
131:
0 2 2 2 2 2 1 2 1 2 0 0 0 0 0 0 2 1 1 2 1 1 0 1 0 0 1 0 0 1 1 1 0 1 0 1 0 2 0 2 2 0 0 2 0 0 2 0 1 1 2 0 1 1 2 0 2 2 1 1 1 2 2 2 2 1 1 2 0 0 1 2 0 0 2 1 0 0 0 1 1 1 1 2 1 0 2 1 2 2 1 0 0 2 1 2 0 1 2 0 1 1 1 1 1 0 2 2 2 1 1 0 0 1 0 2 1 1 1 0 1 0 2 0 1 2 0 2 1 1 0 1 2 1 2 0 1 1 2 0 1 2 2 0
0 0 1
132:
2 1 2 0 2 1 1 1 0 2 1 0 2 0 0 1 0 2 1 2 2 0 2 2 0 2 2 2 2 1 2 1 2 1 1 0 1 0 2 0 0 2 1 2 0 2 2 2 2 1 0 0 0 1 1 2 0 2 2 0 1 0 1 0 0 0 1 0 2 0 1 2 0 1 2 2 2 2 1 0 1 1 2 2 1 2 1 1 1 0 1 1 1 2 2 0 2 2 0 2 1 0 0 1 0 1 2 2 0 2 1 1 2 1 2 1 0 2 0 1 2 1 1 1 1 1 2 0 1 0 0 1 2 1 0 1 1 1 1 1 0 1 0 1 2
0 1 0
133:
2 0 2 0 1 0 1 0 0 0 0 1 1 1 1 0 0 1 2 1 1 2 2 2 0 2 0 0 0 2 2 1 0 1 0 2 1 2 1 1 2 1 1 1 1 1 1 2 1 0 1 1 0 2 2 1 2 2 1 2 2 1 0 0 1 2 2 1 0 2 0 1 2 1 2 1 0 2 0 1 0 1 2 1 0 1 1 2 2 2 2 0 2 2 2 2 1 0 1 1 1 0 0 1 0 1 1 1 2 2 0 1 2 1 0 2 2 0 1 0 0 1 2 2 1 2 0 1 2 0 0 1 2 0 0 0 0 0 1 0 2 1 2 0 1 2
2 0 0
134:
1 1 2 2 0 1 2 2 1 2 2 1 1 1 2 0 1 0 2 2 2 0 1 1 1 1 2 0 1 0 0 2 1 2 2 0 2 2 0 2 1 2 0 0 2 1 2 2 1 0 0 2 1 0 2 0 0 1 1 2 2 0 2 2 1 1 2 2 2 0 2 1 2 2 1 1 2 2 0 2 2 1 0 0 1 1 2 1 0 0 2 0 2 2 1 2 2 2 1 2 2 2 0 2 2 2 0 2 1 0 0 1 2 2 1 0 0 2 2 0 2 0 0 2 0 2 0 2 2 0 1 0 2 1 1 0 1 0 0 2 2 1 0 0 0 1 2
0 1 0
135:
2 0 0 2 0 0 2 2 0 0 0 1 2 2 2 1 1 2 1 1 2 0 0 2 2 0 0 2 0 1 1 1 2 2 2 0 1 1 1 0 0 2 0 2 0 0 2 0 1 0 0 0 0 1 2 2 1 1 1 1 2 0 0 1 1 1 2 2 0 1 2 2 0 0 0 0 2 1 2 2 0 2 0 2 2 0 0 0 2 0 0 0 0 1 1 0 0 1 2 1 0 1 2 0 2 0 0 2 2 0 0 2 0 2 0 0 2 1 1 2 1 1 2 2 0 0 1 1 0 0 2 1 2 0 2 0 1 1 1 1 2 1 1 0 2 0 1 1
0 2 0
136:
0 2 1 1 2 2 0 1 0 2 2 1 1 1 0 1 1 0 0 0 2 2 1 0 0 0 0 2 1 0 0 1 2 2 0 1 1 1 2 1 0 2 1 1 2 2 0 2 0 2 2 0 2 2 0 1 0 1 1 1 0 1 2 0 2 2 2 1 2 1 0 2 2 2 1 0 0 0 0 2 2 2 1 0 0 1 2 0 0 0 1 2 0 2 1 0 1 0 2 1 0 0 0 2 1 1 1 0 1 1 0 0 0 2 1 2 2 1 0 1 1 1 1 2 2 2 0 2 2 0 0 1 2 2 1 2 2 2 0 2 0 2 2 0 0 0 2 1 1
2 1 2
137:
2 2 0 0 1 1 0 0 0 2 2 1 2 2 1 1 0 2 2 1 0 1 2 0 0 2 1 1 1 1 2 1 0 2 0 1 2 0 1 1 0 2 0 0 1 0 1 2 1 2 2 1 2 1 1 2 1 1 2 1 0 1 2 1 0 2 2 0 0 0 1 0 2 0 2 2 0 1 1 0 1 0 0 1 0 0 2 0 0 2 1 0 2 1 1 1 1 0 1 1 2 0 2 0 2 0 0 2 0 1 2 1 1 1 2 2 1 1 1 2 2 0 1 1 1 1 1 0 1 2 1 1 0 2 1 1 0 2 1 2 0 2 0 1 0 1 0 2 1 2
2 0 2
138:
1 1 0 0 0 1 0 1 0 2 0 1 0 2 1 0 0 1 2 1 1 2 0 2 1 1 2 0 1 1 2 1 2 0 2 1 0 2 1 2 2 2 1 1 0 2 1 2 1 2 2 0 2 1 1 2 2 2 2 0 2 2 0 0 0 0 1 1 2 2 2 2 0 0 0 1 0 1 0 0 2 2 1 2 1 0 2 2 1 2 2 1 2 0 1 0 2 0 1 2 2 0 0 1 2 0 1 2 2 0 1 1 2 0 2 1 0 0 2 2 2 1 1 2 2 1 2 1 2 2 1 0 0 1 0 1 0 0 2 1 0 1 2 2 2 1 1 1 1 0 0
0 0 1
139:
2 1 2 2 0 2 1 2 2 1 0 2 1 2 1 1 0 0 1 2 2 1 2 0 1 1 1 1 1 0 1 0 2 0 2 2 0 0 1 2 2 0 2 1 1 0 2 0 0 1 0 1 1 0 1 1 1 1 2 2 1 2 2 1 2 0 0 0 1 2 1 1 2 1 0 2 2 2 2 0 2 1 2 0 1 2 1 1 2 0 1 0 1 2 2 2 0 0 0 0 1 2 0 2 2 1 1 2 2 0 1 1 0 2 2 0 2 2 1 0 2 0 0 0 1 0 1 0 0 0 2 0 0 0 1 2 0 0 2 2 0 2 0 2 1 0 1 2 2 1 1 1
2 1 2
140:
0 1 0 0 0 1 0 1 0 1 1 2 0 1 2 0 2 2 1 1 0 2 1 0 2 0 1 0 1 1 0 1 2 1 1 1 2 0 2 0 0 2 0 2 1 2 2 2 2 2 1 0 1 0 2 0 1 2 1 0 2 0 0 1 1 0 2 0 2 2 0 0 0 2 2 1 2 2 0 0 0 1 2 1 0 2 2 0 1 0 2 1 2 2 1 1 2 2 1 1 2 1 1 1 1 1 2 2 0 0 2 2 0 0 2 0 2 2 2 0 0 1 0 0 2 1 2 0 2 0 0 1 1 0 2 2 1 1 1 2 0 2 1 2 0 1 2 0 2 0 1 1 2
1 0 0
141:
1 0 2 0 1 1 0 0 1 2 0 0 1 0 0 2 2 2 1 2 1 1 0 0 2 0 2 0 1 0 1 0 1 0 0 1 2 2 1 1 2 1 0 2 1 1 0 2 0 2 2 0 2 0 1 0 1 0 0 2 2 2 1 1 1 1 0 0 1 2 2 0 1 2 1 1 2 2 2 0 2 0 0 0 0 2 1 0 1 1 1 0 1 0 1 0 0 1 0 2 0 1 2 0 2 1 1 1 0 1 0 2 2 0 1 2 2 0 2 0 0 1 1 1 1 0 0 2 0 1 1 1 0 0 2 2 0 2 0 0 2 2 2 1 1 2 1 1 0 0 1 1 0 0
0 2 2
142:
2 1 0 0 1 1 0 2 2 1 1 1 1 0 0 1 0 2 0 1 1 0 0 1 0 0 0 2 2 0 0 0 2 1 1 2 0 1 2 2 1 1 0 0 1 0 2 0 0 2 1 2 1 1 0 1 2 2 1 1 0 0 1 2 1 1 1 0 0 2 1 0 1 1 2 2 0 1 0 2 2 1 2 2 0 1 1 2 2 1 2 1 0 1 0 0 1 1 1 1 0 1 0 1 2 1 1 2 1 0 1 2 1 0 1 0 0 2 1 1 2 2 0 1 0 1 2 0 1 0 0 0 0 2 1 0 0 0 0 0 1 0 0 2 0 1 1 1 0 0 0 1 0 0 0
2 2 0
143:
1 1 1 1 2 0 1 2 1 2 2 0 1 2 2 2 1 1 2 0 1 0 1 1 2 1 2 1 2 0 0 0 0 2 1 2 0 1 0 1 2 0 2 1 0 1 2 2 1 0 1 2 2 1 0 1 0 1 2 1 1 2 0 0 0 2 1 1 1 1 0 2 0 1 1 1 0 2 2 2 0 0 2 1 0 1 0 0 0 0 0 2 0 2 1 1 2 1 0 1 1 0 1 2 2 2 2 0 0 2 2 1 0 2 1 1 1 2 1 1 0 2 2 0 2 2 1 1 0 0 0 1 2 1 2 1 0 1 0 0 1 1 2 0 2 2 2 1 2 2 0 0 1 1 2 1
0 0 1
144:
2 2 1 0 1 0 1 2 0 1 0 2 2 1 2 2 1 0 1 0 1 1 0 0 2 0 0 1 1 1 2 1 2 2 2 2 1 1 2 2 0 1 0 1 0 1 0 1 2 1 1 0 2 0 1 2 1 1 2 2 0 0 1 0 2 0 2 2 0 1 2 0 1 2 0 1 1 1 0 1 2 0 0 0 2 2 0 0 0 0 2 0 0 2 1 1 2 2 0 1 1 0 2 1 1 2 0 1 1 1 0 0 0 0 2 1 0 1 2 0 1 0 1 2 0 0 2 1 1 1 2 2 2 1 0 2 2 1 2 0 2 0 2 0 0 1 0 1 0 0 1 2 1 2 2 2 1
1 1 0
145:
1 0 0 1 2 2 0 0 2 2 0 0 1 2 2 0 0 0 2 2 1 2 1 0 0 1 0 0 0 0 0 1 1 0 1 2 2 0 1 2 1 0 0 1 1 1 2 2 1 2 0 0 1 2 1 2 2 0 1 0 1 1 1 1 0 1 1 0 1 2 0 2 0 2 1 0 1 2 0 2 1 1 2 1 2 0 0 2 2 1 0 0 1 2 2 1 0 2 2 2 0 0 2 0 2 0 1 1 1 1 2 2 2 1 2 0 1 2 1 0 0 2 0 0 1 1 0 0 0 1 2 1 1 2 2 2 1 1 2 1 1 2 0 1 0 2 2 1 1 0 1 0 0 2 2 2 2 2
1 0 0
146:
0 0 0 0 2 2 0 1 2 0 1 0 1 1 1 2 0 0 0 0 1 1 2 2 1 2 0 2 2 0 2 1 2 2 2 0 0 2 0 0 0 1 2 0 2 0 1 2 1 2 0 0 0 0 1 0 2 1 1 2 1 2 0 1 1 1 1 2 2 2 2 1 2 2 0 1 0 0 2 2 2 0 2 2 0 0 1 1 2 0 0 0 0 0 1 2 1 2 2 0 1 2 0 0 1 0 1 0 0 1 1 0 2 1 2 2 0 1 1 2 2 0 1 1 0 2 1 1 1 2 0 1 1 1 2 1 2 2 0 2 1 0 2 0 2 1 0 0 0 2 2 2 2 1 0 1 1 0 0
0 1 1
147:
1 2 0 1 1 2 0 0 0 0 0 0 1 0 0 1 1 2 2 1 0 1 2 2 2 0 0 2 2 0 1 0 0 0 0 1 1 0 2 2 0 2 1 1 2 1 0 0 0 2 0 2 1 0 1 0 2 2 0 2 0 0 1 2 1 1 1 0 0 0 2 1 1 1 1 2 1 2 2 1 0 0 2 0 1 1 1 1 0 1 0 2 1 2 2 2 0 2 1 1 2 1 0 1 2 2 1 1 0 0 0 0 0 0 2 1 1 2 1 0 0 0 0 2 1 0 0 2 0 0 0 1 1 0 0 0 1 0 0 1 0 2 0 2 0 1 2 1 1 1 0 1 2 2 2 2 2 2 0 1
2 1 1
148:
1 1 2 2 0 0 2 0 0 2 1 2 0 2 0 1 1 0 0 1 1 1 2 1 2 2 0 0 1 2 2 2 2 0 2 0 2 0 0 1 0 0 1 1 1 1 2 1 2 0 2 2 1 0 2 2 2 2 2 2 1 2 0 1 1 1 0 2 1 2 1 1 2 2 2 1 1 1 2 1 0 1 1 2 0 1 2 1 1 0 2 1 0 1 2 1 0 1 2 2 0 1 1 1 1 2 2 2 2 2 0 0 0 1 1 2 0 1 1 1 0 0 2 2 1 2 1 0 1 2 0 2 1 2 0 2 0 1 1 2 2 1 1 2 2 1 0 1 0 2 0 1 1 2 0 1 0 2 1 0 1
0 2 2
149:
1 1 0 2 0 0 2 0 0 1 1 2 1 1 2 0 2 2 0 1 0 1 0 0 1 2 1 2 2 0 0 0 1 1 2 1 1 0 0 1 0 2 1 1 2 0 0 1 2 2 2 0 2 1 1 0 2 1 0 2 0 1 1 0 0 0 1 0 2 0 2 0 2 0 1 0 0 0 0 0 1 2 2 0 2 1 0 2 1 2 1 2 0 1 0 1 2 2 1 1 0 0 0 0 0 0 0 1 0 0 1 2 1 2 0 1 2 2 2 0 2 0 2 2 1 2 1 2 0 2 2 2 0 1 1 2 1 0 0 1 1 2 2 2 1 1 0 2 1 1 2 0 1 2 1 0 1 0 2 2 0 0
0 2 0
150:
0 1 0 2 2 0 1 1 1 0 2 0 0 0 2 2 1 0 2 0 1 1 2 2 0 1 1 0 2 0 2 1 2 0 2 2 2 1 1 2 2 0 2 0 1 2 1 1 0 1 2 2 1 2 0 0 1 2 2 2 2 1 1 1 1 1 1 2 1 2 1 1 1 2 1 1 0 1 2 2 0 1 1 2 1 1 2 0 1 1 1 1 1 0 2 1 0 0 2 1 1 0 1 1 2 0 1 1 1 1 2 2 2 0 0 0 1 0 0 1 2 1 0 2 1 0 1 2 1 1 1 2 2 2 0 1 1 0 2 2 2 0 0 2 0 0 0 0 1 1 0 1 0 2 2 0 2 0 1 0 1 0 1
0 2 2
151:
2 0 2 1 2 0 0 2 2 1 2 0 2 0 1 1 2 2 1 1 0 2 0 1 1 2 2 1 0 2 2 1 2 2 2 0 1 1 2 0 0 0 0 2 1 0 1 1 0 1 0 0 0 2 1 1 2 0 1 2 2 1 2 0 1 2 2 1 1 0 2 0 2 1 1 2 2 0 1 0 0 1 0 1 0 2 2 0 2 1 2 1 2 0 0 2 0 2 1 0 2 1 2 0 1 1 2 1 0 0 1 0 0 0 0 0 0 0 0 1 1 1 1 2 1 2 1 0 0 1 0 2 2 0 1 2 0 2 2 1 1 0 0 1 1 2 2 0 2 1 1 1 2 0 0 2 0 1 2 1 2 1 1 2
1 2 2
152:
0 2 1 0 1 1 0 2 1 0 0 0 2 2 0 2 2 1 1 2 0 0 0 2 1 2 2 0 1 1 1 1 1 2 1 1 2 2 2 1 0 2 1 0 1 2 0 0 0 2 0 2 1 1 2 2 2 2 0 1 1 2 2 0 2 1 1 0 0 0 1 1 2 0 1 0 2 0 2 0 2 2 1 2 1 1 2 2 0 2 0 1 1 0 0 1 0 2 1 2 1 2 0 0 2 1 0 1 0 1 0 1 2 1 0 1 0 1 0 2 0 2 1 1 0 0 1 2 2 2 1 2 0 0 0 2 1 0 2 0 0 2 0 1 0 0 0 1 2 1 1 0 2 0 0 0 1 2 0 0 2 2 1 0 0
0 0 2
153:
1 0 1 0 2 2 1 0 1 2 0 1 0 0 2 1 1 0 1 0 1 1 0 1 1 2 2 1 1 2 0 0 1 2 1 2 2 0 2 2 1 2 1 1 0 0 0 2 0 1 1 2 2 0 0 2 0 0 0 1 2 1 1 2 0 0 1 2 0 1 2 1 1 0 0 0 0 2 0 2 0 2 1 2 0 1 1 2 1 2 2 0 0 1 2 0 1 0 2 0 2 0 2 0 1 1 0 0 2 2 2 2 2 2 1 1 0 2 0 1 0 2 1 0 2 2 0 1 1 0 0 2 1 2 0 2 2 0 1 2 0 2 1 1 2 1 0 0 2 1 1 2 1 1 2 1 0 0 1 0 0 1 1 1 0 1
0 1 1
154:
0 0 1 2 2 1 1 1 1 1 0 1 2 2 2 2 2 0 2 0 0 0 1 0 1 0 1 0 1 2 1 0 2 2 0 0 2 0 1 0 0 2 1 2 0 2 0 2 2 1 0 1 2 2 2 0 2 0 1 1 0 1 0 2 1 1 2 1 1 1 2 1 0 0 1 1 0 1 1 2 0 2 2 0 1 0 1 1 0 0 1 0 1 1 2 2 2 0 1 0 1 0 2 0 0 0 0 1 1 2 2 1 2 2 2 0 1 1 0 0 0 1 2 1 2 1 2 1 1 0 2 1 0 2 0 0 0 0 2 1 1 1 0 0 1 0 2 1 0 0 2 1 2 2 1 0 2 1 0 2 1 1 0 0 0 1 1
1 1 2
155:
2 0 0 1 0 2 2 2 1 0 0 2 0 0 0 2 1 1 0 2 1 2 2 2 1 1 2 2 0 0 1 1 2 1 0 0 2 2 0 1 2 0 1 1 2 1 1 0 0 0 0 2 0 0 2 1 2 0 0 2 1 2 0 1 0 2 1 0 2 0 2 0 0 2 0 1 0 1 0 1 1 2 1 0 0 2 0 1 1 0 2 2 0 2 1 2 2 0 1 2 2 1 1 1 2 0 2 0 1 0 2 2 1 2 2 1 0 1 1 0 0 2 2 2 0 1 0 2 1 2 0 2 2 2 1 2 0 1 0 0 2 2 1 1 0 0 1 1 2 1 1 2 1 1 1 0 1 2 1 2 2 1 1 2 2 1 1 2
0 0 2
156:
0 0 1 0 1 1 0 2 1 2 1 0 0 1 0 1 1 1 1 2 1 0 1 0 2 1 0 2 2 1 2 2 0 1 1 2 1 0 1 1 0 2 1 1 0 0 0 1 1 2 1 1 2 2 0 0 0 2 1 0 0 0 2 1 0 2 2 0 1 2 0 0 2 1 1 0 2 0 1 2 0 2 1 2 1 1 1 0 2 1 1 0 0 2 2 1 0 2 0 0 2 0 2 0 1 0 0 2 2 0 2 1 1 1 2 1 1 1 0 2 1 0 2 1 1 2 0 1 1 2 1 0 0 2 0 2 0 1 2 2 2 2 2 0 1 0 1 0 2 2 0 2 0 1 0 0 1 2 1 0 2 2 0 0 0 2 1 1 2
2 0 0
157:
0 1 1 2 1 2 0 0 2 2 0 1 2 2 2 0 0 0 1 2 0 2 1 1 0 2 0 2 0 0 2 1 0 2 1 1 0 0 0 1 0 2 0 0 0 1 0 1 1 1 2 0 0 0 2 0 1 2 0 2 0 1 2 0 1 2 1 2 2 2 0 2 0 1 2 1 1 2 2 2 1 2 0 1 2 0 0 2 0 0 1 2 0 0 1 0 0 0 2 0 1 2 1 0 0 2 0 2 0 1 1 0 2 2 0 0 1 2 0 2 1 1 2 1 2 2 0 1 2 2 1 1 2 2 1 2 1 1 2 0 1 1 2 2 0 1 1 2 2 1 2 0 0 0 0 0 0 2 0 2 1 0 2 1 0 2 1 1 0 2
2 2 0
158:
1 0 1 0 0 1 0 0 2 1 1 0 0 2 0 2 1 0 0 0 1 2 0 2 2 2 0 0 2 0 2 2 0 0 1 2 1 2 1 1 1 2 0 0 0 0 0 2 2 0 1 1 0 2 1 1 1 0 1 1 2 2 1 0 0 1 2 0 1 2 1 2 2 1 1 1 1 0 0 0 1 0 1 0 1 2 1 1 2 0 2 0 0 1 1 0 1 1 0 0 2 0 1 2 2 0 2 0 1 2 2 0 1 1 1 1 2 0 0 0 1 0 2 1 0 0 1 0 1 0 1 0 0 1 0 2 2 0 2 2 1 0 0 2 2 1 1 1 1 2 1 0 1 2 2 0 0 1 2 1 1 0 1 0 0 1 1 1 2 2 2
1 1 0
159:
1 0 1 1 1 1 1 1 2 1 2 2 2 1 0 1 2 1 0 2 1 1 0 2 1 2 1 1 2 1 1 0 0 2 1 2 2 1 1 0 2 1 1 0 0 1 1 1 0 1 2 2 0 0 1 0 0 1 2 2 1 2 1 2 2 1 2 1 2 0 2 2 2 0 1 1 2 2 0 0 2 2 1 1 1 0 1 0 0 0 1 0 0 0 1 0 2 0 0 2 2 2 0 2 1 1 0 0 1 2 0 2 1 1 2 1 0 2 1 0 0 2 0 2 1 1 0 1 1 2 2 1 0 0 2 1 0 1 1 1 1 2 2 0 2 0 0 2 0 1 1 1 1 2 0 1 1 1 1 2 0 0 0 2 1 1 0 2 0 2 0 1
0 1 1
160:
2 1 0 2 1 2 0 0 2 0 0 0 1 2 0 2 1 1 1 1 0 1 0 1 0 1 0 1 0 0 2 0 1 2 1 0 0 2 2 1 1 1 0 2 0 1 0 0 0 1 2 1 1 1 2 1 2 1 2 0 1 0 0 0 2 0 0 0 1 1 0 2 1 2 2 0 1 0 2 0 0 0 1 1 1 2 1 2 0 1 2 1 1 2 1 2 1 0 2 1 0 2 1 0 2 2 1 0 0 0 2 0 2 1 0 1 1 0 2 2 1 1 1 0 1 0 2 2 1 1 2 1 0 2 0 2 0 0 2 0 2 0 2 0 1 0 0 1 0 0 2 2 2 0 1 0 0 2 1 0 0 2 2 1 2 1 2 2 1 1 2 1 1
1 0 1
161:
0 1 1 0 0 2 2 2 1 0 1 1 1 2 2 2 2 2 1 1 0 2 1 2 2 2 1 2 0 1 1 2 1 2 1 1 0 1 1 2 0 0 0 1 2 0 0 0 2 0 1 1 2 0 2 1 0 2 2 2 1 1 1 1 0 2 1 0 0 1 2 0 1 1 2 2 1 2 2 0 0 1 1 1 1 0 0 1 2 1 1 2 0 2 2 2 2 2 1 0 1 2 1 2 0 1 1 1 2 2 0 0 0 1 1 2 1 0 0 2 2 1 2 1 0 2 1 2 0 0 2 1 1 1 0 1 2 1 0 1 1 2 2 1 1 2 2 2 1 0 0 2 2 1 1 2 0 2 1 1 0 2 1 0 1 0 1 0 2 0 0 0 0 2
0 2 2
162:
0 1 0 2 2 1 1 1 2 2 1 2 2 0 0 1 0 0 0 0 0 1 0 2 1 1 2 0 1 1 0 2 1 0 0 1 1 2 2 0 2 2 0 1 2 0 2 0 2 0 2 1 2 2 2 2 2 0 0 0 2 1 2 1 2 2 1 1 1 1 2 1 2 1 0 2 2 1 2 1 2 2 2 1 2 2 2 1 1 1 0 0 0 2 0 1 1 0 1 2 2 0 1 0 0 0 0 0 1 0 1 0 2 1 2 0 2 0 2 2 2 1 1 1 0 1 1 0 0 2 2 2 2 1 1 1 0 0 2 0 0 1 2 1 2 2 1 0 0 0 2 0 0 1 0 0 2 2 2 2 1 2 0 2 1 1 0 2 2 2 0 0 1 2 2
2 2 0
163:
0 1 2 0 1 0 0 2 2 0 2 1 2 0 1 0 0 1 0 1 1 0 0 0 0 2 0 0 0 0 2 0 2 1 0 2 2 2 2 1 2 2 0 0 2 2 2 2 1 0 0 1 1 0 1 1 0 2 1 1 1 2 2 1 0 2 1 1 1 1 0 2 2 2 1 1 1 1 0 1 1 2 1 0 1 2 2 1 2 0 1 0 1 1 0 1 1 1 1 2 1 1 2 0 0 0 0 0 1 0 2 0 2 1 0 1 2 0 2 0 1 1 2 0 1 2 2 1 0 1 1 1 1 1 1 2 2 0 2 1 1 1 1 2 1 0 0 1 1 1 2 0 0 0 1 2 1 2 2 0 2 0 2 0 2 0 0 1 0 2 0 0 0 2 2 1
2 2 1
164:
2 2 0 2 2 1 0 2 0 1 2 0 2 1 2 1 2 1 1 1 0 1 1 0 0 0 0 0 2 1 2 1 2 1 1 1 1 1 1 2 2 2 1 1 2 0 2 2 1 2 0 0 0 0 0 0 0 2 1 2 2 2 2 1 1 0 1 0 2 0 1 1 1 0 2 2 2 0 1 2 1 1 2 0 0 2 1 1 2 2 2 2 0 0 1 2 1 1 2 0 2 1 0 1 1 0 2 0 2 1 1 1 1 0 2 0 2 1 1 1 0 2 1 0 0 1 0 0 0 0 0 0 1 2 0 1 1 2 1 2 1 1 2 2 0 0 1 1 0 0 2 0 0 0 0 0 1 1 0 0 1 1 2 1 2 0 0 0 2 1 1 2 2 2 2 2 2
0 1 0
165:
1 1 0 0 2 0 1 2 1 1 2 0 0 0 2 0 2 1 2 1 2 2 2 2 2 2 2 1 2 1 2 0 1 1 0 1 1 1 2 2 0 0 1 1 1 2 1 1 0 0 0 2 0 1 2 0 1 2 1 0 2 2 2 2 0 0 1 2 1 2 2 1 0 1 2 1 0 2 1 0 2 2 2 0 0 2 0 2 1 0 2 0 2 1 0 2 1 0 0 2 2 0 2 1 0 2 0 0 2 0 1 2 1 2 0 0 1 2 1 0 1 2 1 1 2 0 0 2 0 0 0 1 1 2 2 1 1 0 2 1 0 2 0 2 0 1 2 1 2 1 0 2 2 0 2 2 0 0 1 2 2 0 1 0 0 0 1 0 0 1 2 0 1 2 0 2 2 0
1 2 1
166:
0 0 0 0 2 0 2 0 1 2 1 0 0 2 1 2 1 0 2 1 1 1 2 1 0 2 2 0 2 2 0 1 2 1 1 0 2 0 2 2 2 1 0 1 0 2 1 0 1 0 1 1 0 1 0 1 2 2 2 1 2 0 0 0 1 2 1 2 0 1 2 1 0 1 2 1 2 0 2 1 2 1 2 2 1 2 2 1 1 2 2 1 1 2 0 2 2 0 2 1 0 1 2 1 1 1 0 2 1 2 0 2 2 1 1 0 2 2 0 0 2 1 1 0 1 2 1 2 1 0 2 0 2 1 2 1 0 0 0 1 0 2 1 0 0 0 0 1 2 1 1 0 2 0 1 1 2 1 2 1 1 2 0 0 0 0 2 2 0 1 0 2 2 0 0 1 1 1 2
1 1 2
167:
0 2 2 0 1 2 1 1 2 1 1 0 0 0 2 0 2 1 2 0 1 2 0 0 2 2 0 1 2 0 2 1 0 1 0 2 0 1 1 0 2 1 1 1 1 2 1 1 1 2 1 2 2 2 2 2 1 0 2 2 2 1 2 1 1 1 2 0 2 1 0 1 2 0 0 0 0 0 1 1 2 1 0 0 2 2 2 2 2 0 1 2 1 2 2 0 0 2 1 2 1 2 1 0 0 1 2 0 0 2 2 0 2 2 2 2 0 2 0 1 0 2 2 2 0 0 2 0 1 0 0 2 1 2 0 1 1 2 1 2 2 2 1 2 2 1 0 2 2 1 2 0 0 2 0 1 0 2 2 1 2 0 2 1 0 1 0 2 1 0 1 2 0 1 0 0 2 0 0 2
1 0 0
168:
2 2 1 0 0 0 2 1 2 2 0 1 2 1 1 0 0 1 0 2 1 2 1 1 2 2 1 1 1 0 2 1 1 1 0 2 0 0 0 2 2 2 2 0 2 2 2 1 2 1 1 2 0 1 2 1 0 1 2 1 1 1 1 2 1 2 0 2 1 2 2 1 0 1 0 1 2 0 0 0 1 0 2 1 1 2 0 2 1 1 2 1 0 1 1 2 2 1 1 1 2 0 0 1 1 0 0 1 0 1 1 0 0 1 0 1 2 2 0 2 1 0 2 2 1 2 0 0 2 1 2 1 1 0 0 1 0 1 2 0 0 0 1 2 0 1 2 2 0 0 2 0 0 2 1 0 1 0 2 1 2 0 1 1 0 1 1 0 1 2 0 0 0 0 0 0 1 0 2 2 0
2 0 0
169:
1 0 1 0 0 1 1 1 1 1 1 0 0 2 2 2 2 0 0 1 0 1 2 1 0 1 1 2 2 0 0 1 1 1 1 0 0 0 0 1 2 0 1 0 1 2 0 0 2 2 1 0 1 1 2 2 0 2 0 1 2 1 2 2 1 2 0 1 0 2 0 2 0 1 0 1 2 1 0 2 2 2 0 1 1 0 1 2 1 2 0 2 2 1 0 1 1 0 1 1 2 2 2 1 1 0 2 2 1 1 1 2 2 0 1 2 0 1 0 2 1 2 0 1 0 0 2 0 0 2 1 0 1 1 0 2 0 0 1 1 1 1 1 2 1 2 2 0 2 2 2 2 1 2 1 2 1 2 2 0 1 1 0 0 1 2 0 0 1 0 1 1 0 0 2 1 1 0 1 2 1 1
0 0 1
170:
2 2 1 1 2 1 2 0 2 0 1 1 1 2 0 0 1 0 2 1 2 0 0 2 0 0 0 0 1 1 1 1 2 1 2 2 1 2 1 2 0 2 2 2 2 0 1 0 1 2 0 0 1 2 1 1 0 1 1 2 2 1 2 1 1 1 1 2 2 1 0 1 1 1 1 2 1 0 1 2 0 2 1 0 2 2 2 2 1 0 2 0 0 0 0 1 1 1 0 1 2 0 2 2 1 2 2 0 1 2 0 2 1 2 0 0 2 1 1 2 2 1 0 1 2 0 0 1 0 0 0 0 0 2 2 0 1 1 2 1 1 0 2 1 0 1 1 1 1 0 1 1 0 0 1 2 2 1 0 0 2 1 1 1 2 0 1 0 2 1 0 0 0 1 0 2 0 1 0 0 1 0 0
0 2 2
171:
1 1 0 1 2 2 0 1 0 2 2 0 2 1 0 2 2 0 1 0 2 0 0 0 1 1 1 1 1 1 0 1 0 2 0 2 0 0 0 0 1 0 1 2 1 2 2 0 1 0 2 2 1 0 1 2 0 0 0 2 2 1 1 0 1 0 1 0 1 0 1 2 1 1 0 1 2 1 0 0 0 2 0 1 1 0 1 2 1 2 2 0 2 1 2 0 0 0 0 1 1 0 1 1 2 2 0 2 0 0 2 0 0 0 1 1 2 1 2 1 2 2 0 0 1 2 0 1 2 1 0 2 0 0 2 0 1 0 1 1 1 2 1 0 2 0 1 1 2 0 1 2 1 0 0 1 2 0 1 1 0 1 0 1 1 2 0 2 2 2 0 0 0 2 0 1 0 0 1 0 2 1 1 2
0 1 1
172:
2 1 0 2 2 1 2 2 2 0 2 2 1 2 2 0 2 0 0 2 1 0 1 1 2 0 2 0 0 0 1 2 0 1 0 0 1 2 0 0 2 0 1 1 1 1 2 1 1 0 0 1 1 2 1 2 1 0 1 1 2 2 2 0 2 1 0 1 0 2 1 1 2 1 0 1 0 2 2 1 2 0 2 1 2 2 2 0 2 2 1 2 1 0 0 2 0 1 2 2 1 0 2 0 0 2 1 1 2 0 1 2 1 0 2 0 2 1 1 1 2 2 0 1 2 2 0 0 1 0 2 2 2 2 2 2 1 0 0 2 0 2 2 2 0 1 1 2 0 1 0 1 0 2 2 0 2 0 0 1 0 0 2 0 0 1 1 1 0 2 1 1 2 1 2 0 1 2 2 0 0 0 2 1 1
1 2 2
173:
1 2 0 0 0 0 2 2 2 1 1 0 2 2 0 1 1 2 1 0 0 2 1 2 1 2 1 2 2 0 1 0 2 2 0 1 1 2 2 2 2 0 2 1 1 2 0 1 2 1 0 1 1 2 2 2 1 2 2 0 2 0 2 2 0 1 2 1 1 0 0 1 1 1 0 0 1 0 1 1 2 2 0 2 1 0 0 2 1 1 1 1 0 0 2 0 1 1 0 0 2 1 2 0 0 1 0 2 1 1 0 0 1 2 2 1 1 2 1 2 2 1 2 1 1 0 2 0 2 0 2 2 2 0 0 0 0 1 2 2 1 1 0 0 0 2 0 1 1 2 0 2 0 1 1 0 2 0 2 2 0 2 2 1 1 0 0 2 0 0 0 1 2 0 2 2 2 2 1 2 1 2 1 1 0 2
0 0 2
174:
0 0 0 0 2 2 2 0 0 0 0 0 2 1 0 0 1 1 1 2 1 0 0 1 2 0 0 1 2 1 1 0 1 0 0 0 1 2 1 0 1 2 2 0 2 2 1 1 1 2 1 0 1 1 2 1 2 2 1 2 2 0 2 1 1 2 0 0 1 1 0 1 1 0 1 2 2 2 0 1 2 1 0 2 2 2 1 2 2 2 0 0 0 1 2 1 1 0 2 0 1 2 1 0 0 2 1 2 1 2 1 1 1 1 1 2 0 1 1 2 2 1 2 0 1 0 2 1 2 2 0 0 1 2 0 0 2 0 0 0 1 2 1 1 0 0 0 1 0 0 1 2 2 1 0 1 2 2 1 2 1 0 1 0 2 2 0 2 0 0 1 2 0 0 2 2 2 1 0 0 1 1 0 2 2 2 0
1 1 0
175:
2 1 2 2 1 2 1 2 1 1 0 0 0 0 1 1 0 0 0 1 2 2 0 2 0 2 1 0 1 1 2 1 0 1 1 1 0 0 2 1 2 0 2 1 2 2 1 0 1 2 0 0 0 1 1 2 1 1 1 2 1 1 1 1 2 0 2 0 0 2 1 0 1 2 0 0 1 1 2 1 2 1 2 1 2 1 0 2 1 0 0 2 2 0 0 0 1 0 0 2 1 2 1 1 1 0 1 0 2 2 0 2 1 0 1 1 2 2 1 2 0 0 2 2 2 0 2 0 1 2 2 1 1 2 1 1 0 0 2 2 2 2 1 1 1 0 2 2 0 1 2 1 2 0 2 2 0 2 0 1 2 0 0 1 1 2 0 1 0 1 0 1 2 0 0 0 1 0 0 0 0 1 0 0 1 1 1 1
0 0 2
176:
1 1 1 2 1 1 2 1 2 0 1 0 0 1 0 1 1 2 2 1 1 2 0 0 1 1 1 1 0 0 1 2 2 2 0 0 1 0 0 0 1 0 0 1 0 1 1 0 2 0 2 1 2 0 1 2 1 1 0 1 2 2 1 2 0 1 2 0 2 0 0 2 1 0 2 2 1 2 0 1 0 0 1 2 1 2 1 0 1 2 0 1 2 1 0 2 2 0 1 1 2 0 1 2 2 0 0 1 2 2 2 0 0 0 1 1 0 1 2 2 2 2 1 1 2 1 1 1 2 2 1 1 0 2 2 1 0 1 0 2 0 0 1 0 2 1 1 2 1 0 1 0 1 2 1 0 0 2 0 1 2 0 1 1 1 0 0 0 0 2 1 0 2 2 1 2 0 0 2 0 0 0 2 1 0 1 2 1 2
0 2 0
177:
1 0 0 1 2 1 0 2 1 2 2 2 1 0 0 0 2 2 0 1 2 1 1 2 1 1 1 2 1 0 1 2 2 2 1 2 0 0 2 2 2 0 2 2 2 2 2 2 1 0 0 0 0 0 1 2 2 2 2 1 0 0 2 2 0 2 2 1 0 1 0 0 0 2 1 2 0 1 1 2 0 1 2 2 1 2 2 1 1 0 2 2 0 2 1 1 1 1 1 2 1 2 2 0 0 0 1 0 0 0 2 0 1 1 0 2 1 2 0 2 0 0 0 2 0 1 2 0 1 2 2 0 0 2 0 1 0 0 1 0 1 2 1 0 2 2 2 0 2 1 2 0 2 1 1 0 2 2 1 1 1 1 0 2 2 1 2 1 0 0 1 2 2 1 2 1 0 0 1 0 0 2 2 1 0 2 0 0 2 0
0 1 1
178:
0 1 0 1 2 1 2 2 2 2 0 1 1 1 1 0 2 1 2 1 2 0 2 1 2 2 2 0 1 0 1 2 1 0 2 0 2 0 0 2 1 0 1 0 1 2 2 0 2 1 1 1 0 2 0 1 2 0 2 0 1 0 0 0 0 0 1 2 2 2 2 0 2 1 0 1 2 2 2 0 1 0 0 2 2 0 0 1 0 1 0 2 2 2 1 2 2 0 1 1 0 0 1 2 1 0 1 1 2 0 2 0 0 0 0 0 2 2 0 2 2 1 1 1 2 2 2 1 0 0 1 1 2 0 0 0 1 1 0 2 1 0 2 0 1 0 0 2 1 2 2 2 0 1 0 0 2 2 1 1 0 0 0 2 0 2 1 1 1 2 1 1 0 0 1 0 2 1 2 1 0 1 1 0 2 0 2 2 2 1 1
2 2 1
179:
2 1 1 1 2 2 0 2 0 1 1 1 1 2 0 0 0 2 1 2 1 0 2 2 0 2 1 0 1 2 0 2 2 1 1 0 2 0 1 0 2 1 1 1 2 0 0 1 0 0 2 1 0 1 1 2 2 2 2 1 0 1 0 1 0 0 0 1 1 2 1 1 1 1 0 0 2 2 0 0 0 0 2 2 1 0 0 2 0 0 0 2 1 1 2 2 2 1 0 2 2 0 0 2 0 2 0 1 2 0 0 0 2 1 1 2 0 2 0 0 0 0 1 2 2 1 1 0 1 2 0 1 0 1 0 2 2 0 1 1 2 1 1 0 2 0 2 2 2 2 2 0 0 2 2 2 1 1 0 1 2 0 0 0 1 1 0 0 1 1 2 2 2 2 1 0 1 0 1 2 2 0 0 2 1 2 2 0 1 2 1 2
0 2 2
180:
0 0 1 1 0 0 2 2 0 1 2 2 0 0 2 2 1 1 0 2 2 1 2 1 1 0 2 1 1 2 0 2 1 2 0 1 0 1 2 0 1 0 2 0 0 2 2 1 2 0 0 1 0 2 0 1 0 1 1 1 0 1 0 1 2 1 0 2 0 0 1 2 2 1 0 1 1 2 1 2 0 1 1 1 2 2 2 2 1 2 2 1 1 2 0 2 2 0 1 1 1 2 2 0 0 0 0 1 2 2 2 2 1 0 1 0 0 2 0 0 0 1 2 1 2 0 2 2 2 0 1 0 2 2 2 0 2 1 2 2 0 0 2 2 2 2 2 2 0 1 0 2 2 0 1 0 2 0 2 0 1 0 0 1 2 2 2 0 2 2 2 2 2 1 2 2 2 2 2 1 2 0 1 1 1 1 2 0 2 0 0 1 2
2 2 1
181:
2 1 0 1 2 1 0 2 0 0 0 1 2 0 0 2 2 1 2 0 0 0 1 1 0 0 2 2 2 1 1 0 2 0 2 2 0 1 0 2 2 2 2 2 0 0 1 0 1 2 1 0 2 0 1 2 1 0 1 0 2 1 1 2 0 0 1 1 0 0 0 0 1 0 2 2 2 1 1 2 2 1 2 0 1 1 2 1 0 1 0 1 1 1 2 1 1 2 2 0 0 0 2 2 1 1 1 1 0 0 2 0 1 1 2 1 2 0 0 1 2 0 0 0 0 1 2 0 2 2 0 0 2 0 0 1 2 2 1 2 0 1 0 1 0 2 2 1 2 2 0 0 2 0 1 2 2 0 2 2 0 2 1 0 2 1 0 1 1 1 0 1 1 1 0 0 1 0 2 0 1 0 2 1 0 0 0 1 2 1 2 1 2 1
1 2 1
182:
2 0 1 0 0 2 1 0 1 1 0 1 1 2 1 0 1 1 1 1 2 2 1 1 2 0 1 1 2 2 1 2 1 1 2 0 2 1 1 1 2 1 0 0 2 1 0 2 0 1 2 0 2 1 1 0 1 1 1 2 1 1 2 1 0 1 0 0 0 1 0 1 2 0 0 1 2 2 1 2 1 0 2 1 1 1 2 0 2 1 1 0 1 1 1 1 0 0 2 1 0 2 2 0 0 1 0 2 1 1 1 2 2 2 0 2 2 2 1 0 2 0 2 1 0 1 2 1 2 0 0 0 0 1 0 2 2 1 1 2 1 1 1 1 2 1 1 0 1 1 2 2 1 0 2 1 0 2 2 2 1 1 2 2 1 1 2 0 1 1 2 2 0 1 0 0 2 1 0 1 2 2 1 2 1 1 1 2 1 0 0 1 1 2 0
1 2 1
183:
1 2 2 0 1 0 2 1 0 2 0 2 1 1 1 0 1 2 1 0 0 0 2 1 1 2 2 0 1 0 0 2 2 0 0 2 0 0 0 2 0 0 1 1 0 2 0 1 2 1 2 2 2 2 2 1 2 1 1 0 0 1 1 0 1 0 0 2 0 0 2 2 1 1 1 0 1 1 1 2 2 1 2 0 2 2 2 1 0 0 1 2 0 2 2 2 1 0 1 2 0 1 2 2 2 1 1 1 2 2 1 1 2 1 0 1 1 0 1 0 2 0 1 2 1 0 1 0 2 2 0 1 1 2 1 1 1 1 2 1 1 2 1 0 2 2 0 2 1 1 2 0 0 1 0 1 2 0 1 0 2 2 0 1 2 1 2 0 1 2 2 0 0 1 1 1 1 2 0 2 0 2 0 1 2 0 2 2 2 1 2 1 1 0 1 1
1 0 0
184:
1 1 2 1 1 0 2 0 2 0 0 1 0 1 2 1 0 2 1 2 1 1 1 0 1 2 0 2 0 2 2 2 1 1 2 2 1 1 1 1 1 1 0 1 1 2 0 2 0 2 2 2 2 0 0 1 2 2 0 0 2 1 1 1 2 2 2 2 1 2 2 2 0 1 1 1 2 1 2 2 0 2 0 0 2 1 2 2 2 2 2 0 0 0 2 1 2 1 2 2 1 1 2 1 1 1 0 0 2 1 0 0 2 2 2 0 1 0 2 0 2 2 1 2 1 0 2 1 0 0 1 2 2 2 2 1 1 2 2 2 0 2 1 1 2 1 0 1 0 2 1 0 2 0 2 2 1 0 2 1 0 2 0 0 2 0 2 1 1 0 2 0 2 1 0 2 1 1 2 1 0 2 1 1 0 1 1 0 0 2 0 0 1 0 1 0 2
0 1 0
185:
1 2 0 0 1 0 2 1 0 0 0 2 0 1 0 0 1 2 1 1 1 1 1 2 1 2 1 1 2 2 0 2 1 0 1 2 2 0 2 1 0 0 2 0 1 1 2 1 2 0 1 0 2 2 0 2 1 0 0 2 1 2 1 2 1 1 2 2 0 0 2 1 0 1 1 2 0 2 0 1 0 1 0 1 0 1 2 2 0 1 0 0 2 2 1 2 0 2 1 2 0 2 2 1 1 2 2 2 0 2 2 0 2 2 2 2 0 2 0 1 0 1 2 0 2 2 2 2 0 0 2 2 0 2 2 0 2 2 2 0 1 1 1 2 2 0 2 1 0 2 0 2 0 1 0 2 1 0 2 0 1 1 2 0 1 0 0 2 2 1 0 1 0 2 0 0 2 0 1 1 2 1 2 2 0 0 0 0 0 2 0 2 2 1 0 1 1 1
2 2 1
186:
2 2 0 1 1 0 2 0 2 0 0 1 0 2 1 1 1 1 0 1 2 1 2 1 0 2 1 0 2 2 0 2 1 2 1 1 1 1 0 1 2 2 0 1 2 1 2 2 2 0 2 1 2 1 1 2 2 1 0 1 0 1 1 0 1 1 0 2 2 0 1 2 2 2 2 0 1 0 1 1 1 0 0 2 0 2 0 1 1 0 1 1 0 1 1 2 2 1 0 0 1 2 2 0 2 2 2 2 0 1 0 2 1 0 0 0 2 0 1 0 2 0 1 0 0 1 2 2 0 0 1 2 2 2 0 2 2 1 1 0 1 0 2 0 2 1 2 1 0 0 2 0 1 2 1 2 2 0 0 1 0 0 1 1 0 1 1 1 2 1 2 2 2 2 0 2 1 2 2 1 0 2 0 0 1 1 0 2 2 0 2 1 0 2 0 1 2 0 1
0 2 0
187:
1 1 1 1 2 1 1 1 2 2 1 2 1 1 2 0 1 1 0 1 1 2 1 1 0 1 2 2 1 2 2 1 1 2 0 1 1 1 0 0 1 1 0 2 2 2 2 0 2 2 2 2 1 1 1 0 2 2 2 0 2 0 1 0 1 1 1 2 1 1 2 1 1 0 1 0 0 2 1 1 2 0 0 1 0 2 1 2 0 1 1 2 1 0 0 0 1 0 1 2 2 2 1 0 1 1 0 0 0 0 0 1 1 0 1 1 1 0 2 0 1 2 1 2 0 1 2 1 2 0 1 2 1 0 0 0 1 0 1 1 1 0 0 0 1 0 1 1 2 0 1 2 2 0 0 0 0 2 0 0 2 1 2 1 2 2 2 0 1 2 2 2 0 2 0 2 0 1 0 2 0 1 2 1 1 1 1 1 2 1 0 1 0 0 2 2 2 2 1 1
0 0 1
188:
2 1 2 0 1 2 1 0 0 1 2 1 0 0 0 2 1 2 1 0 0 1 1 1 2 0 1 1 0 1 2 2 0 0 2 1 0 1 2 2 1 0 1 1 1 2 0 0 0 1 1 0 2 2 1 1 0 0 0 2 2 0 2 0 1 2 2 2 1 2 2 0 2 2 1 2 2 2 2 0 0 1 2 0 2 2 1 0 2 0 2 1 2 1 0 2 1 0 2 1 1 2 2 2 0 1 2 1 1 1 1 2 0 2 2 1 1 1 2 1 1 0 1 1 1 1 2 1 1 0 1 1 2 1 0 2 0 2 1 0 1 0 1 0 1 2 0 0 0 2 1 0 1 2 1 0 2 0 0 0 0 0 1 1 0 2 0 0 0 1 2 0 2 1 1 0 2 1 2 1 1 1 1 2 1 1 0 1 1 0 0 0 2 2 0 1 0 2 2 2 2
0 2 0
189:
2 0 0 1 1 0 1 1 0 2 2 2 1 1 1 2 0 2 0 1 1 1 2 0 2 1 1 2 2 0 0 0 0 1 2 1 2 1 0 0 2 1 0 2 1 2 1 2 1 0 2 0 1 2 2 1 0 0 0 2 2 2 2 0 0 2 1 2 2 0 0 2 1 2 1 0 1 2 0 2 2 0 1 1 0 2 0 1 2 0 0 0 0 0 1 0 2 0 1 0 0 2 1 2 1 1 1 2 0 2 2 0 2 2 2 0 1 1 1 0 2 1 1 1 0 0 2 0 2 1 1 0 1 1 1 2 2 2 0 2 1 2 0 0 1 0 2 0 0 1 1 0 0 0 0 2 2 0 1 1 2 2 1 0 1 2 1 0 2 0 2 0 1 1 2 2 1 0 2 0 1 1 1 1 1 0 2 2 2 0 0 2 2 1 0 2 0 2 2 1 1 2
2 2 1
190:
2 0 1 2 0 0 1 1 1 1 1 2 2 0 1 2 1 0 1 1 0 1 1 0 2 1 2 1 2 0 2 0 2 2 0 1 2 2 0 0 2 0 0 1 1 1 0 1 0 1 2 0 1 2 2 1 0 2 0 2 2 0 2 2 0 1 1 2 2 1 1 1 2 2 2 1 2 2 2 2 1 2 2 2 2 1 0 2 2 1 2 0 1 0 0 1 1 0 2 2 1 1 1 2 0 1 2 0 2 0 1 2 2 2 1 2 2 1 2 2 1 2 1 1 1 1 0 2 0 1 1 0 0 0 2 1 0 2 0 2 1 2 0 1 2 0 1 2 0 1 2 2 2 0 1 2 2 1 2 0 1 2 0 2 0 0 2 0 2 1 2 1 2 1 2 0 0 2 2 1 1 2 1 1 2 0 2 1 2 2 0 0 2 0 2 0 0 2 0 1 2 1 1
2 2 1
191:
1 2 2 0 0 0 0 0 2 2 2 2 0 2 0 2 2 1 2 2 1 2 1 1 2 0 1 1 1 2 2 2 0 0 1 1 0 2 2 2 0 1 1 0 2 1 0 0 0 2 1 2 2 0 0 1 2 1 2 1 2 0 1 1 0 2 2 2 0 2 0 1 1 0 1 1 0 2 1 2 2 2 1 0 0 1 2 2 1 1 1 1 0 0 0 2 1 2 1 2 1 0 2 2 1 0 0 1 2 0 0 2 1 2 0 1 1 2 2 2 0 1 0 2 2 0 1 0 0 2 1 2 1 2 2 2 2 2 2 0 1 1 2 0 0 0 2 2 0 2 0 1 1 0 1 1 0 2 1 2 2 0 0 1 1 0 1 0 0 2 0 1 1 1 1 1 2 0 2 0 0 2 2 2 1 0 0 0 0 0 2 2 2 1 2 0 1 0 2 1 0 0 1 0
1 1 2
192:
1 1 1 0 0 1 1 2 1 2 2 2 1 0 2 0 2 0 2 0 0 2 0 1 1 2 2 2 1 1 1 2 2 0 1 0 0 1 0 1 1 2 2 1 1 1 0 1 1 1 0 0 1 0 1 1 2 1 1 2 0 1 0 0 0 2 2 1 2 0 1 0 0 2 2 2 2 1 0 0 1 0 0 0 2 0 2 1 2 1 1 0 2 0 1 2 0 1 2 0 0 1 0 2 0 0 1 2 1 1 1 0 0 0 1 2 0 0 2 2 1 2 2 1 2 1 0 0 0 2 2 2 2 0 0 2 0 2 0 1 0 2 2 0 2 0 1 0 2 0 1 1 2 1 1 1 1 1 2 0 0 1 1 2 2 1 2 0 1 2 2 0 0 2 0 2 1 1 0 1 2 2 2 2 2 0 1 2 0 2 1 1 2 1 0 2 2 2 1 1 0 1 2 0 0
0 2 0
193:
1 2 2 0 2 2 1 0 0 0 0 0 2 1 0 2 1 2 1 2 2 2 2 2 1 1 1 0 1 0 0 2 2 0 0 1 2 1 0 2 1 2 0 0 0 0 2 2 0 0 1 1 0 2 0 1 2 1 0 2 1 0 1 0 1 0 0 0 1 2 1 0 1 0 1 1 0 2 2 0 1 0 1 2 0 2 2 2 1 0 0 2 0 1 2 1 1 0 0 1 0 2 2 0 1 1 2 0 1 0 1 0 0 1 1 0 2 0 2 0 1 2 2 0 2 2 1 1 1 0 1 0 1 0 2 0 0 1 0 2 0 0 0 1 1 1 2 2 2 1 0 2 2 0 0 1 2 0 2 2 2 0 0 1 0 0 0 1 1 2 0 2 2 2 0 0 1 0 1 2 2 2 2 1 0 2 0 1 0 0 0 1 2 0 0 0 2 1 2 0 1 2 2 2 1 2
0 1 1
194:
2 2 0 0 0 0 0 1 2 0 1 1 0 0 2 0 1 2 1 2 1 1 2 2 2 0 0 2 1 0 0 2 0 1 0 1 0 0 0 0 0 1 2 0 0 0 0 1 0 2 0 0 2 0 2 1 1 1 1 0 0 0 2 0 1 2 0 2 1 1 0 2 2 1 2 2 0 1 0 0 0 1 1 1 0 0 2 2 1 2 2 0 2 1 2 2 1 0 2 1 2 0 0 1 2 1 0 1 2 1 1 1 1 0 2 0 0 2 2 0 0 0 1 0 1 1 2 0 1 1 1 1 1 2 1 0 1 1 2 0 1 2 1 1 0 0 0 2 1 2 2 1 1 0 0 2 0 2 1 1 2 1 2 0 1 1 0 0 1 0 2 2 1 0 0 1 1 2 0 0 0 1 1 2 1 0 1 0 2 1 0 2 1 2 0 1 0 0 1 2 0 1 1 2 1 0 0
0 2 2
195:
0 1 2 2 2 2 2 0 1 1 1 1 0 1 0 2 0 2 2 1 0 1 2 2 0 1 0 1 2 1 0 0 1 1 0 0 0 2 2 0 1 0 2 0 2 1 2 1 1 0 1 1 1 1 2 1 2 1 0 2 0 0 1 0 1 2 0 1 0 2 1 1 1 2 0 1 1 2 1 0 0 0 0 2 2 0 0 1 2 0 0 0 1 2 1 1 0 0 2 2 0 2 1 0 2 2 0 2 1 1 2 1 0 1 1 2 1 1 2 2 2 2 2 0 1 1 0 1 0 1 1 2 1 2 0 1 1 0 1 1 1 1 1 0 2 1 2 1 1 1 2 0 0 1 1 0 1 2 2 1 2 0 2 1 0 0 0 2 2 0 0 0 0 1 0 1 1 1 1 0 1 2 0 1 0 0 1 1 2 0 0 1 0 2 1 2 2 2 0 0 1 1 2 0 2 1 0 1
2 1 1
196:
1 0 0 1 0 0 2 2 1 2 1 2 1 2 2 0 1 1 1 0 0 1 0 0 1 1 1 0 2 2 1 1 0 2 0 0 2 1 0 0 0 2 1 2 0 2 2 0 0 1 0 1 1 0 1 2 0 2 0 1 0 1 2 2 2 1 1 2 0 0 1 1 1 0 2 2 2 1 2 0 1 0 2 2 2 2 0 0 1 2 1 2 0 2 0 2 0 0 2 2 1 0 1 1 0 2 2 2 0 0 2 1 2 2 2 1 2 0 2 0 0 2 1 2 1 2 1 0 0 1 1 2 2 1 2 0 2 2 0 1 2 1 1 2 0 0 2 2 2 0 1 0 0 2 0 0 0 2 0 2 0 1 0 2 1 0 1 1 0 2 0 1 0 2 2 1 1 2 2 0 1 0 1 1 0 0 2 1 2 1 1 1 2 0 0 0 2 1 0 2 1 0 1 0 2 2 0 2 1
1 2 2
197:
2 0 2 2 2 0 0 0 1 1 2 0 1 1 2 1 1 1 1 0 2 2 1 2 0 0 0 1 0 1 2 1 2 0 2 1 0 0 1 2 2 1 2 1 1 1 0 0 0 1 0 1 2 1 2 0 1 2 0 2 0 1 2 1 2 0 2 1 1 1 0 2 1 1 1 0 1 0 1 2 2 2 2 2 2 0 0 0 1 2 0 2 1 2 0 2 0 1 0 1 2 0 1 1 2 2 0 2 2 1 2 0 2 0 0 0 1 0 2 0 1 0 2 2 1 0 2 1 2 2 1 1 2 2 0 2 2 1 1 2 1 0 1 1 2 1 0 0 2 0 0 1 1 1 0 1 0 2 0 0 1 2 2 2 2 1 2 1 1 1 1 2 1 0 1 1 1 0 2 1 2 1 0 0 0 1 0 2 2 1 2 2 2 2 0 2 1 1 1 1 2 0 1 1 1 1 2 1 1 1
0 1 0
198:
1 2 1 1 0 0 1 1 2 1 2 2 0 1 0 1 0 2 1 2 2 2 1 2 1 1 0 1 0 2 2 2 2 1 2 0 2 2 1 0 2 2 0 0 0 2 0 1 2 0 1 1 1 0 2 0 2 2 2 0 1 0 1 0 1 2 2 0 0 0 2 0 0 2 1 1 0 1 2 1 1 0 0 1 0 0 1 1 2 0 1 1 2 2 2 1 0 0 2 2 2 1 0 1 2 1 1 0 2 0 1 2 1 1 2 2 0 0 2 0 0 2 2 0 0 0 0 2 2 2 0 1 2 2 2 2 2 1 0 2 1 2 0 1 0 2 2 0 0 0 0 2 2 1 1 0 1 2 1 1 1 0 0 1 2 2 2 0 0 1 1 0 0 2 1 1 0 0 1 1 0 2 2 2 1 1 1 2 0 0 2 2 2 1 1 0 1 0 0 0 0 1 0 0 2 0 1 2 1 0 0
1 2 2
199:
2 1 1 2 0 1 2 0 0 0 1 1 0 2 1 0 2 0 2 1 0 2 0 1 0 2 0 0 2 2 2 2 2 2 1 2 2 0 1 1 1 0 1 2 2 2 0 0 1 1 0 1 0 0 1 0 2 1 2 2 0 1 0 1 2 0 2 0 0 0 0 1 2 2 2 0 0 1 2 2 2 1 0 2 1 2 2 0 0 0 2 2 2 1 0 0 1 2 0 0 1 2 2 2 0 0 1 1 1 0 2 2 2 2 1 2 2 1 1 2 2 2 0 2 0 1 0 1 1 0 0 1 1 0 2 2 1 1 0 2 0 2 1 0 2 0 1 0 2 2 2 1 1 0 1 1 0 2 2 1 2 2 2 2 2 0 1 2 1 2 2 1 1 1 2 2 0 0 0 0 1 1 1 0 2 0 1 1 1 1 1 1 2 1 1 0 2 0 1 0 0 0 0 0 0 0 2 2 2 0 0 0
1 2 1
200:
1 0 2 2 0 0 2 1 0 0 2 1 0 2 2 0 2 0 0 2 1 2 1 0 1 1 2 0 0 0 2 2 2 2 0 0 1 0 0 0 2 1 2 1 2 1 2 1 0 1 2 0 1 2 0 0 2 1 2 0 1 2 1 2 0 1 0 2 2 2 1 2 2 0 0 0 1 1 0 0 0 1 2 0 0 2 0 2 0 1 0 0 0 1 1 0 1 2 2 2 1 0 0 0 2 2 0 1 1 1 0 0 0 1 0 0 0 0 0 1 2 1 0 1 0 2 2 2 2 1 2 2 1 2 1 0 0 2 2 2 1 2 1 1 0 1 1 1 2 1 2 1 0 2 1 0 2 1 0 1 1 0 2 2 2 2 2 2 1 1 2 0 1 1 0 0 0 2 0 2 1 1 1 0 2 1 0 1 2 0 1 2 0 2 2 0 2 1 0 2 0 2 1 0 1 2 0 2 2 1 0 0 2
0 2 2
201:
0 1 2 2 1 2 0 0 2 2 2 2 1 2 1 1 1 1 0 0 0 0 0 1 0 1 1 0 1 1 1 2 1 2 1 0 1 1 2 2 2 0 1 1 2 1 1 2 1 2 2 2 1 1 1 0 2 0 1 2 1 0 1 2 1 2 0 0 0 0 0 0 0 1 2 2 1 1 1 0 1 2 0 2 2 1 2 0 2 2 0 0 1 2 0 0 1 1 0 0 0 2 0 2 0 1 1 2 2 1 0 2 1 2 2 2 2 0 2 1 2 1 1 1 0 0 1 0 2 0 1 1 0 1 1 2 2 0 2 1 0 2 1 2 2 2 0 0 0 2 0 2 2 0 1 0 2 0 1 2 2 0 0 2 1 0 0 0 1 0 1 0 1 1 1 2 0 2 0 2 0 1 0 0 2 1 2 2 1 2 2 1 1 1 2 1 1 2 1 2 0 1 1 0 2 2 1 2 1 2 1 1 2 0
2 0 0
202:
2 1 0 0 2 1 1 0 1 1 2 1 2 2 2 2 1 0 1 1 0 2 2 2 1 2 0 0 2 1 0 0 1 2 0 1 2 0 0 2 1 1 0 1 2 0 0 0 1 2 1 0 2 0 0 1 0 2 0 2 1 2 1 2 1 2 2 1 1 2 1 0 2 0 2 1 0 1 2 1 0 1 2 0 0 0 0 0 2 0 0 2 1 0 2 2 1 1 0 0 0 1 1 2 1 2 0 2 1 2 1 1 1 1 1 1 2 0 2 2 1 2 1 1 1 1 1 0 1 0 1 0 0 1 0 2 2 1 0 2 1 1 2 2 0 1 1 1 1 2 2 1 2 1 2 0 0 1 0 1 2 2 0 0 2 0 0 1 0 2 2 0 1 1 2 1 0 1 2 2 2 0 2 2 1 1 0 1 0 0 2 1 2 0 0 2 0 2 0 0 0 0 1 2 1 1 2 1 1 0 0 0 1 1 1
2 1 1
203:
2 2 0 1 0 0 1 1 2 0 0 2 2 2 1 0 0 0 1 2 0 1 1 2 0 0 0 1 0 0 0 2 2 1 2 1 1 0 2 1 0 1 0 2 1 1 1 0 1 0 0 2 0 1 2 1 1 2 0 0 1 1 0 1 2 0 1 1 0 1 2 0 1 1 0 2 1 0 0 1 0 1 2 1 2 1 2 1 1 1 0 2 1 0 0 2 2 1 0 2 2 0 2 1 2 1 1 2 2 2 0 2 2 0 0 0 0 1 1 0 0 0 2 2 2 2 2 2 2 0 1 2 2 0 2 1 1 1 2 1 2 2 2 2 1 0 2 2 2 1 2 0 2 2 0 2 2 1 2 2 0 1 0 1 0 1 0 1 1 0 1 0 0 0 2 2 2 2 0 2 2 1 0 1 1 2 2 2 1 2 2 2 1 2 1 1 2 2 0 1 0 0 2 2 0 1 0 1 2 0 2 1 2 2 1 2
1 0 0
204:
1 1 0 2 1 2 0 2 2 2 2 2 1 2 0 0 2 0 1 2 2 0 2 0 1 1 0 1 1 2 2 2 1 1 2 1 2 2 0 1 1 0 1 2 0 0 1 1 2 0 1 0 0 1 1 2 1 0 2 2 2 2 2 2 2 1 2 1 1 0 0 0 0 2 2 1 2 0 1 1 2 1 1 1 0 1 0 2 0 2 1 0 0 0 0 2 2 2 2 2 1 2 1 1 0 2 0 2 1 1 1 2 1 2 0 2 1 1 2 0 2 1 0 2 2 0 0 0 0 0 2 1 2 1 2 2 2 2 0 0 0 2 2 1 0 0 0 2 1 0 2 2 1 2 0 1 1 0 2 0 0 0 1 0 1 0 1 0 1 0 2 0 2 0 0 1 1 2 1 2 1 1 2 1 0 0 0 0 1 0 1 2 1 1 0 0 0 1 1 2 2 2 0 1 1 1 2 1 0 1 1 1 0 1 0 2 1
1 2 1
205:
2 2 2 1 2 2 1 2 0 2 0 0 2 2 0 1 0 1 2 0 2 0 1 1 2 2 0 0 2 0 1 0 0 0 1 0 0 1 1 2 2 2 2 1 0 2 0 1 0 0 1 2 0 2 0 2 1 0 2 0 0 1 0 2 0 1 1 1 2 1 2 2 0 0 0 0 1 1 1 2 1 1 0 0 2 2 1 0 2 1 1 2 2 0 1 0 2 0 2 1 1 1 2 2 1 2 0 0 0 1 1 0 2 2 0 2 0 1 0 0 2 2 1 2 2 0 0 0 0 0 1 0 2 2 2 1 0 0 2 2 2 1 2 2 0 2 2 1 2 2 2 0 0 1 2 1 2 1 0 2 2 0 0 1 0 2 2 1 0 1 1 1 1 2 2 1 0 2 1 1 0 1 2 2 0 2 0 0 1 0 2 1 0 0 2 1 0 0 0 0 0 2 0 0 0 1 2 1 0 0 0 1 0 1 2 2 2 1
0 0 2
206:
1 2 1 0 1 0 1 1 0 2 2 2 1 1 2 0 1 2 1 0 1 0 2 1 2 1 1 0 0 2 1 1 1 1 2 2 0 2 2 0 0 2 0 1 1 0 0 0 2 1 1 0 1 2 2 2 1 2 0 2 1 1 0 1 0 1 0 0 1 1 2 1 2 2 2 0 2 0 2 0 2 0 1 1 2 0 2 2 0 2 0 1 2 0 1 1 2 0 2 1 0 2 0 1 0 0 1 1 1 1 2 2 0 2 0 1 2 0 1 0 2 0 2 2 0 0 1 2 1 1 2 0 0 0 2 0 2 0 1 0 2 2 0 2 1 2 0 2 0 1 2 1 1 0 1 2 0 0 0 2 2 2 0 2 1 2 1 1 0 2 0 2 0 1 1 1 0 2 1 2 0 1 2 1 1 2 2 2 0 2 0 0 0 2 0 1 1 2 1 2 1 2 2 1 2 2 1 0 0 0 0 0 1 1 2 0 2 1 1
0 1 0
207:
2 2 0 2 1 2 2 2 1 2 2 1 2 1 2 1 2 2 2 2 0 2 2 1 0 1 2 0 2 2 2 0 2 2 1 2 0 1 1 2 2 1 1 1 2 1 2 0 0 0 0 0 1 2 0 1 2 1 0 2 0 2 1 1 2 2 1 2 0 1 2 0 1 0 1 1 1 1 0 2 1 1 1 0 0 2 2 0 1 0 2 2 0 2 0 2 0 0 1 2 0 2 1 0 0 0 2 0 0 0 0 0 1 0 1 0 0 1 1 2 0 0 2 0 2 2 0 1 2 2 2 2 2 0 1 2 2 0 0 1 2 0 2 1 2 1 2 0 1 2 1 2 1 1 0 0 2 2 1 0 1 1 1 1 0 0 2 0 0 0 1 0 1 2 2 0 0 0 1 2 1 0 0 2 2 2 0 0 0 2 0 0 0 0 1 0 2 1 1 2 1 0 1 0 0 0 2 0 1 2 2 0 1 0 2 1 1 1 0 0
1 1 0
208:
1 0 2 1 0 2 2 0 2 1 1 1 0 1 1 0 2 1 1 1 2 0 1 1 0 0 0 1 1 0 2 0 1 0 1 0 1 1 2 0 1 2 0 0 1 2 2 1 2 0 1 2 1 1 2 1 0 2 1 2 1 2 2 1 2 0 1 2 2 0 0 0 0 0 0 0 1 1 1 1 2 2 2 1 0 1 2 2 0 1 2 2 0 1 1 0 2 2 1 1 2 1 2 0 2 0 2 0 1 1 0 0 2 1 2 1 2 0 2 1 0 0 0 0 2 0 1 1 2 0 0 2 1 2 1 0 0 2 1 0 2 1 0 2 2 2 2 1 1 1 1 2 0 2 2 0 1 2 2 1 1 2 0 1 0 2 1 1 1 2 2 2 0 1 0 0 1 0 2 2 0 0 0 0 0 2 1 0 2 2 2 0 1 2 0 0 2 2 1 1 2 0 1 2 0 0 2 2 1 2 1 2 0 1 2 1 2 1 2 2 2
1 2 1
209:
1 1 1 0 0 0 0 1 1 2 0 0 0 1 2 2 0 0 0 0 1 0 0 2 1 2 2 1 2 2 1 1 0 0 0 1 1 2 1 2 1 0 2 2 0 0 2 2 0 2 0 0 1 1 2 0 2 0 0 2 1 1 2 1 0 1 0 2 1 2 1 2 2 1 2 0 1 2 0 1 2 0 2 0 2 1 0 1 1 1 2 0 1 0 0 1 0 1 1 2 2 1 2 1 1 0 0 0 2 2 2 1 0 0 2 2 2 2 2 2 2 0 1 0 2 2 0 1 0 2 2 1 1 1 0 2 0 0 1 0 0 0 2 0 1 1 0 2 1 0 0 0 2 0 0 0 2 2 0 1 1 0 1 2 1 0 1 2 1 2 1 0 1 2 1 0 2 0 1 1 1 0 2 1 2 0 1 2 1 1 0 2 1 2 2 0 2 0 1 0 2 0 2 2 0 2 2 0 0 0 2 0 1 1 1 2 2 1 1 2 1 0
0 0 1
210:
2 0 2 0 2 2 1 1 2 2 0 2 2 2 1 1 1 2 2 2 2 0 0 0 0 0 2 1 2 0 2 0 2 0 0 1 0 0 1 2 2 2 1 2 1 0 0 0 0 0 0 1 1 1 0 0 1 1 1 2 2 1 1 2 0 2 2 2 0 1 1 0 2 2 0 1 0 0 2 2 0 2 2 0 2 1 2 1 0 2 0 2 0 0 0 2 2 1 1 0 1 2 0 2 1 0 1 2 0 2 1 0 0 1 2 1 2 2 1 2 0 0 2 1 1 2 0 1 1 0 1 2 0 1 1 1 2 1 0 0 2 2 2 2 0 1 2 0 0 0 2 2 2 1 2 2 2 0 1 0 0 0 2 1 1 2 2 0 1 2 1 2 0 1 0 2 1 2 1 2 2 2 2 2 1 0 2 1 1 2 2 0 0 2 0 2 2 2 0 1 0 1 1 2 1 0 1 2 0 1 1 0 2 1 0 0 2 0 0 1 0 1 0
2 1 1
211:
0 2 2 2 2 2 2 0 1 2 2 2 2 1 2 0 0 0 0 1 2 2 2 2 2 0 0 2 1 2 1 1 2 0 1 2 1 1 1 1 0 2 1 1 0 2 1 1 2 2 2 0 1 1 2 2 2 2 0 0 1 1 2 2 1 0 2 0 1 2 2 0 0 0 1 0 1 0 0 0 1 2 0 0 1 2 0 0 2 0 1 1 2 1 1 2 2 0 1 1 2 1 1 2 0 0 1 0 1 1 2 0 1 1 0 1 0 2 0 2 2 0 0 0 2 1 0 1 1 1 2 0 2 0 1 1 1 0 0 0 1 0 0 1 1 0 2 1 0 2 0 2 0 2 2 2 0 1 0 1 0 0 1 0 0 1 0 1 0 0 2 1 2 0 2 2 2 2 1 2 1 0 2 0 2 0 0 1 1 1 1 2 2 0 1 1 2 1 1 0 0 1 2 2 0 1 0 1 1 2 0 1 0 2 1 2 2 1 1 0 2 2 0 0
1 2 2
212:
0 1 0 2 2 2 0 0 1 2 2 1 0 0 1 0 1 1 0 2 1 2 1 1 1 2 0 2 2 2 1 0 1 0 0 2 1 2 1 1 2 2 1 2 2 1 0 2 1 1 1 1 0 1 0 1 0 1 2 0 0 0 0 2 2 1 0 2 0 2 0 1 1 1 1 0 2 2 2 0 0 0 0 1 1 1 0 1 0 1 2 0 0 0 0 1 0 0 2 1 0 1 2 2 1 1 2 1 2 1 0 1 0 2 2 1 0 0 2 1 1 0 2 1 2 0 0 0 2 1 1 1 1 2 1 0 1 2 2 1 1 0 0 2 2 1 1 0 2 0 2 2 0 1 1 0 0 0 0 1 1 1 0 1 1 1 0 2 2 2 0 2 2 1 2 0 0 0 0 0 1 1 0 2 1 2 0 0 0 2 1 2 1 2 2 0 1 0 0 0 1 0 0 2 0 1 2 2 2 2 2 0 2 2 2 2 0 2 1 2 2 2 0 2 0
0 0 1
213:
2 1 0 2 2 0 2 2 1 2 1 0 0 2 0 0 0 2 0 1 1 2 0 0 2 1 0 2 0 2 2 1 2 2 2 1 0 0 0 2 1 2 2 0 2 2 0 2 0 2 1 2 0 1 2 2 1 1 1 0 0 1 1 2 1 1 1 0 1 0 2 1 2 2 0 2 0 1 2 2 2 2 0 0 0 1 0 1 2 0 2 1 1 0 2 0 1 1 0 2 2 0 1 2 2 2 1 1 0 1 0 2 0 0 0 2 0 0 0 0 0 0 0 1 2 2 1 0 1 0 0 0 1 0 1 2 0 1 1 0 0 1 1 1 1 2 2 1 0 2 2 1 2 2 2 2 2 0 0 2 2 2 0 0 0 1 2 0 2 0 2 2 1 1 0 0 2 0 1 0 0 1 2 0 2 0 1 2 2 0 1 1 0 2 2 1 0 1 1 1 2 2 1 0 2 1 2 0 2 1 0 2 1 0 0 2 1 2 2 2 1 1 1 0 2 1
2 1 2
214:
0 1 0 1 2 2 2 2 0 0 0 1 1 0 2 1 2 1 1 1 1 1 0 1 1 0 1 2 2 2 0 1 0 0 0 0 1 2 0 0 0 1 2 2 0 0 0 0 2 0 1 0 1 0 1 1 2 2 2 1 1 0 1 2 1 2 2 1 0 0 0 1 2 2 1 2 2 1 1 2 0 2 1 0 1 1 0 0 1 0 2 2 1 0 0 1 0 1 2 2 1 0 2 2 2 0 1 2 1 2 2 0 0 2 0 1 0 1 0 0 0 2 0 0 1 0 0 0 2 0 0 0 2 2 1 0 1 2 1 0 1 1 1 1 1 1 1 2 1 2 2 1 1 2 1 1 2 2 1 0 1 0 1 1 2 0 1 2 2 0 1 0 2 2 0 1 0 2 2 0 0 2 1 0 2 1 0 0 1 1 1 2 0 2 1 1 0 1 2 0 2 1 1 2 2 2 2 0 0 2 2 1 1 0 1 1 0 0 0 0 1 0 2 1 1 0 0
2 0 2
215:
0 0 1 0 1 0 2 2 2 1 0 2 2 1 2 0 1 1 1 1 0 2 0 1 1 1 2 2 0 1 1 0 2 2 0 1 0 2 1 1 1 1 2 0 0 2 0 0 0 1 2 0 1 2 1 1 2 1 1 0 0 1 0 0 0 0 1 0 1 2 1 0 0 2 2 2 2 0 1 0 1 2 2 1 2 1 2 2 0 1 0 2 0 1 1 2 0 1 1 0 1 2 2 2 1 2 0 2 0 1 2 1 1 0 2 1 1 0 2 1 2 0 1 0 0 0 2 2 1 1 2 1 0 1 1 2 0 2 1 0 1 0 0 2 2 0 1 0 1 0 0 0 0 2 1 2 1 2 2 1 1 1 1 1 1 2 2 2 2 0 2 1 1 0 0 2 0 2 0 0 2 1 1 1 0 0 1 2 1 1 2 0 0 1 1 1 2 0 0 1 2 1 0 2 0 1 1 0 2 1 0 1 1 2 1 2 2 2 0 1 2 1 1 0 0 0 1 1
2 2 0
216:
2 0 1 0 1 2 1 0 1 2 1 1 0 1 2 2 2 1 0 0 2 2 0 2 2 1 0 1 1 2 2 0 2 1 1 2 2 1 2 0 0 1 1 1 0 0 1 0 2 1 1 2 1 2 2 2 1 0 2 1 0 0 2 1 1 2 1 0 2 0 1 0 1 0 0 1 1 1 0 0 1 0 0 0 0 2 2 0 0 2 1 2 1 2 1 0 2 0 0 1 2 1 2 2 1 0 2 1 1 1 0 1 2 1 1 1 0 1 1 1 1 1 2 1 2 1 0 2 2 1 2 0 2 0 1 2 0 2 2 2 0 1 1 2 0 2 0 0 2 0 1 2 1 0 1 2 1 2 0 2 0 2 0 0 0 1 2 2 2 1 1 1 1 2 0 1 0 2 2 1 0 0 2 0 0 2 2 2 0 1 2 2 0 0 2 2 1 1 0 2 2 2 1 1 0 2 2 0 2 2 2 2 0 2 2 0 0 2 0 2 0 0 1 2 2 1 2 2 2
0 2 2
217:
2 2 2 1 2 1 1 0 0 2 1 2 1 1 1 1 2 2 2 0 0 0 0 0 2 1 0 0 0 0 0 2 2 0 1 0 1 1 1 0 2 2 0 0 2 2 0 1 2 0 1 0 2 1 1 1 0 0 0 1 1 2 2 2 0 1 1 2 0 1 0 0 0 0 2 1 2 0 0 0 1 0 1 2 2 1 2 1 2 0 0 0 0 2 2 1 1 2 0 2 0 2 2 0 0 0 2 1 2 0 0 2 1 2 1 2 0 1 0 0 1 0 2 0 0 2 1 1 2 1 0 1 1 2 2 0 0 2 2 1 2 1 0 2 0 0 1 1 0 0 2 1 2 2 1 2 2 0 0 1 0 0 0 2 0 0 0 1 0 1 1 1 1 2 1 0 0 2 2 2 0 0 0 0 2 0 0 0 0 1 2 0 2 2 2 1 0 2 0 2 0 0 1 2 0 2 1 2 1 0 2 1 2 2 0 0 1 2 0 2 0 0 1 1 0 0 0 0 2 0
2 0 2
218:
0 2 0 1 0 1 1 1 0 0 1 2 2 1 0 1 0 0 0 1 1 1 2 0 2 1 2 0 0 0 0 1 1 0 2 0 1 1 1 1 2 1 0 2 1 1 0 0 1 1 0 0 1 1 2 0 1 1 0 0 0 2 1 1 0 0 2 0 1 0 2 0 0 1 0 0 1 1 0 0 0 0 2 1 0 2 1 0 0 1 1 0 0 0 0 1 1 1 2 1 0 0 1 2 0 2 1 2 1 2 0 2 2 2 2 0 2 2 1 0 2 0 0 2 1 1 0 1 1 1 2 2 0 2 1 2 2 2 1 1 2 2 2 2 0 2 0 1 0 2 0 0 0 0 2 1 1 0 0 1 0 0 1 1 1 2 1 2 1 2 1 1 1 0 1 1 2 2 1 0 2 1 1 1 0 0 2 0 1 1 2 0 2 2 0 2 2 1 2 1 0 1 0 1 0 2 1 1 0 2 1 0 2 0 1 2 2 1 1 2 2 1 0 0 2 2 1 1 2 2 0
0 1 1
219:
2 2 1 2 1 0 1 0 0 2 0 0 0 1 0 2 2 2 1 1 0 1 1 0 1 2 1 1 0 0 2 2 1 0 1 0 0 1 0 2 2 2 1 1 0 1 2 0 2 0 2 1 0 0 0 0 2 0 0 1 0 0 1 1 0 2 2 2 2 2 0 2 2 1 1 2 1 2 2 1 0 1 0 1 1 1 2 0 2 2 1 0 0 1 0 0 1 0 0 0 2 0 1 2 1 0 1 2 2 1 1 1 0 0 2 2 1 2 0 1 2 0 1 2 2 2 1 2 1 0 1 0 2 1 1 2 0 2 2 1 0 2 0 2 1 1 1 2 2 1 2 0 2 0 0 1 0 0 0 0 1 2 1 0 0 1 0 2 1 1 0 2 1 2 0 2 2 2 0 1 1 0 0 2 0 0 2 0 0 2 0 2 0 0 0 0 0 2 0 0 1 0 0 2 1 1 0 2 1 1 1 0 1 0 1 2 1 2 1 1 1 2 1 2 1 2 1 1 2 1 0 0
0 0 2
220:
2 1 0 2 2 1 0 1 2 2 2 2 1 1 1 2 0 2 0 1 0 1 2 2 0 0 1 1 0 0 0 1 0 2 2 1 1 2 2 1 2 1 1 0 1 1 2 1 0 0 0 1 2 2 1 1 2 2 2 0 2 0 1 0 1 0 0 2 2 1 2 1 0 0 1 1 2 2 0 1 2 2 2 2 0 1 1 2 0 0 2 0 2 1 1 0 0 2 0 0 0 2 0 0 0 0 0 0 0 1 1 2 2 2 0 0 1 1 0 0 0 0 2 0 1 2 0 2 0 0 0 0 1 2 1 1 2 0 1 2 2 2 2 0 2 2 1 0 1 2 1 0 1 2 2 2 1 1 0 2 1 2 2 2 1 2 1 2 1 1 0 1 2 0 1 2 0 2 1 1 1 0 0 1 1 0 2 1 2 2 1 2 2 0 2 1 1 0 2 0 0 0 0 2 1 0 0 0 1 1 2 1 1 1 2 2 1 2 1 2 1 1 1 0 0 0 0 0 1 0 2 1 0
2 2 1
221:
0 0 1 2 2 0 0 2 0 2 1 0 0 1 0 2 0 2 2 0 1 2 2 2 0 2 1 1 0 1 1 2 2 0 2 1 2 1 2 0 0 2 2 1 0 1 2 1 2 1 0 1 2 2 1 1 1 1 0 1 1 0 0 0 2 1 2 2 0 2 1 2 2 0 2 0 1 2 1 2 2 0 1 2 1 1 1 1 0 0 1 2 1 1 1 2 0 1 2 2 0 2 0 2 2 1 0 0 2 1 0 1 1 1 2 0 1 2 2 1 2 0 0 2 1 0 0 1 1 1 1 2 1 0 2 1 0 2 1 0 1 1 2 0 1 1 1 1 0 0 0 0 2 2 2 2 1 0 1 1 1 1 2 1 1 0 2 1 1 0 2 2 2 2 2 0 0 2 2 1 2 2 2 2 2 0 0 0 1 0 2 1 2 1 1 0 2 1 1 2 1 2 0 0 0 2 1 0 2 2 2 2 0 2 1 0 1 1 0 1 1 0 1 2 0 0 0 0 2 2 1 0 2 1
0 0 1
222:
1 0 1 2 0 1 1 0 1 2 2 2 1 0 2 1 2 1 0 2 1 1 2 2 0 2 0 1 0 0 0 2 1 1 0 2 0 1 1 0 2 0 0 0 1 2 2 2 2 0 2 2 0 1 0 0 1 0 1 1 0 2 0 0 0 1 1 1 1 2 0 0 1 0 0 0 1 0 2 1 0 1 0 0 1 1 2 0 2 0 2 2 2 0 2 2 2 2 0 1 1 2 2 1 0 1 1 0 1 1 1 1 2 2 1 0 2 2 1 1 1 2 2 2 2 0 0 2 1 0 2 0 0 2 1 1 1 2 2 1 0 2 2 2 1 0 0 2 0 2 0 1 2 2 1 0 0 0 2 1 1 0 2 2 2 0 1 1 1 1 2 0 2 1 2 0 0 1 0 0 2 1 1 1 1 2 0 1 0 2 2 2 2 2 2 1 0 2 2 0 2 1 2 1 1 1 2 2 2 2 1 0 0 0 2 1 2 0 2 0 2 1 2 2 1 0 2 0 2 2 1 2 2 1 2
0 2 0
223:
1 1 2 2 2 0 0 0 1 0 1 0 1 1 1 2 0 0 1 2 1 0 0 1 1 2 0 0 2 1 2 2 1 0 2 0 1 1 0 1 0 2 1 1 0 0 1 2 1 0 1 1 1 1 1 0 2 0 2 2 1 1 1 1 1 2 1 0 2 1 0 0 2 1 0 2 1 0 0 0 0 0 0 1 1 1 2 1 1 2 2 2 1 0 2 1 0 0 1 2 2 0 0 1 1 1 0 2 1 2 0 0 0 2 0 2 1 0 1 2 2 1 2 0 1 1 2 0 0 2 1 1 2 2 1 1 0 0 1 1 2 2 2 0 0 2 0 2 0 0 2 0 2 2 1 1 2 1 1 0 2 1 1 1 0 2 1 1 0 2 2 2 1 2 1 2 0 2 2 1 2 1 1 1 0 0 1 0 1 1 1 0 0 2 0 2 0 1 0 0 0 1 2 1 2 2 0 1 2 2 1 0 0 2 2 2 1 2 2 2 1 1 2 2 1 2 0 2 0 2 2 2 0 1 1 1
1 2 2
224:
1 0 0 1 2 1 1 0 2 2 0 1 2 0 1 2 2 1 0 1 2 1 1 2 2 1 2 1 2 1 0 2 0 1 1 1 1 0 1 2 0 1 1 0 2 1 2 1 2 1 2 1 2 1 2 1 2 1 2 2 1 1 2 1 1 0 2 2 2 0 0 1 0 0 0 0 1 2 2 2 2 1 1 1 2 0 0 0 0 1 2 2 0 0 1 1 1 0 2 1 0 2 0 1 1 1 1 2 2 2 0 2 1 2 1 0 1 0 2 2 1 0 1 2 1 1 2 0 0 2 0 1 1 0 1 1 0 0 1 2 0 1 0 0 1 0 0 2 0 0 2 1 1 0 1 0 2 1 2 1 1 0 1 0 1 0 1 1 2 2 2 1 1 2 0 1 0 1 1 1 1 1 0 2 1 0 0 0 2 1 1 1 1 0 1 2 2 0 1 1 1 1 1 1 1 1 1 0 1 1 2 1 0 0 1 0 2 1 1 2 1 2 1 2 2 0 1 0 1 2 1 2 0 2 1 1 2
1 1 2
225:
2 2 0 1 0 1 0 1 0 1 1 1 0 0 1 0 2 0 0 0 2 2 0 1 1 0 2 2 2 0 0 0 1 2 1 0 1 0 2 2 0 2 0 0 0 1 0 1 0 0 2 0 0 2 2 0 1 2 0 1 2 0 2 2 1 2 1 2 0 0 2 2 0 0 1 0 1 0 2 2 0 0 0 0 0 0 0 1 0 0 2 2 0 1 1 2 0 0 2 2 1 1 2 0 1 2 0 1 0 2 2 1 0 0 1 1 2 0 1 2 0 1 0 0 1 2 1 0 0 2 0 0 1 2 0 2 2 2 2 0 0 1 2 2 1 2 1 2 1 0 2 0 1 2 0 0 1 2 0 1 0 2 0 1 1 0 0 2 2 0 1 1 2 1 1 1 2 1 1 2 0 1 1 0 0 2 0 1 0 1 1 1 0 1 1 0 2 0 1 1 0 2 2 0 2 1 2 1 1 1 0 0 0 2 0 1 0 0 2 2 2 1 1 1 2 0 0 2 2 1 2 1 1 0 1 1 2 1
1 1 0
226:
2 1 1 1 2 1 0 1 1 2 1 0 1 0 0 1 1 2 2 0 1 0 0 0 1 1 2 1 2 2 1 1 2 1 2 2 0 1 0 2 1 1 0 2 1 0 0 2 1 2 1 1 1 0 1 0 2 1 2 0 2 0 2 0 2 1 0 2 2 2 2 2 0 0 0 1 1 2 2 2 2 2 1 1 2 1 0 2 1 0 1 1 1 0 2 2 2 0 1 2 0 2 1 2 0 0 0 2 0 1 0 0 0 2 1 2 0 1 1 0 0 0 0 1 1 2 2 0 2 0 1 0 1 1 0 1 2 1 1 0 0 1 2 1 2 1 0 0 2 0 2 1 0 2 0 1 1 2 1 0 2 1 0 1 0 0 0 0 1 2 1 1 0 2 2 2 1 1 1 0 1 0 0 0 1 2 1 0 1 1 2 1 1 1 0 0 1 1 1 1 2 0 2 0 0 2 2 1 1 2 2 0 2 2 1 1 0 0 1 1 2 0 2 2 2 1 1 1 0 0 1 2 0 0 1 1 1 0 2
2 1 2
227:
0 0 1 2 0 0 0 2 0 0 0 2 0 2 0 1 2 2 0 1 2 1 1 2 1 2 2 0 0 1 0 0 2 2 1 1 1 2 1 2 0 1 0 2 1 0 0 0 2 2 1 0 0 2 2 1 0 0 1 1 0 1 0 2 0 2 1 0 1 0 0 2 0 1 0 0 2 0 0 0 2 0 1 0 2 1 0 2 1 0 2 2 1 2 1 2 0 2 0 2 2 2 2 0 2 1 0 1 0 1 1 1 2 2 1 2 0 1 2 0 0 2 2 0 0 0 2 2 0 2 2 0 0 1 2 0 2 1 1 1 2 0 1 2 1 1 0 1 0 0 0 0 0 1 2 1 1 2 0 0 2 1 2 1 1 2 1 0 0 2 2 1 0 2 0 1 0 0 0 1 1 1 2 0 0 0 1 1 0 2 1 0 1 2 1 1 2 2 1 0 0 1 2 2 2 0 0 1 1 1 1 2 2 2 0 0 1 1 0 0 0 1 0 2 0 0 1 0 1 1 2 1 0 0 0 0 0 0 2 0
1 0 1
228:
0 2 0 0 0 2 2 0 0 1 0 1 0 0 1 1 1 1 1 0 0 2 1 1 2 0 0 1 1 2 0 2 2 0 1 0 0 1 2 2 0 0 1 0 0 1 2 1 2 2 0 1 1 0 2 1 0 1 2 1 2 0 2 2 1 0 1 2 0 1 1 0 1 1 2 2 2 1 1 2 2 0 2 1 1 2 0 2 1 1 2 1 0 1 2 1 2 0 2 0 2 0 1 2 0 0 1 1 1 2 1 0 2 0 0 2 2 2 2 1 0 1 0 0 0 0 2 1 1 1 1 0 2 1 1 2 2 1 1 2 2 0 0 0 1 2 1 1 1 0 1 1 0 0 0 1 0 0 1 1 1 2 0 2 2 0 2 1 0 1 1 2 0 2 1 1 0 2 1 1 1 2 0 2 0 1 0 2 1 2 1 1 0 0 2 1 0 0 2 0 2 2 2 2 1 0 2 2 2 2 0 2 2 1 0 2 1 0 0 1 1 1 0 1 1 1 0 2 1 0 0 1 0 1 1 2 2 0 2 2 0
0 2 2
229:
0 1 1 0 1 1 2 1 1 1 0 2 2 0 0 1 1 2 1 0 0 1 2 2 0 2 0 0 0 1 0 1 2 0 0 2 0 0 1 0 0 1 1 1 1 1 1 0 2 1 1 1 1 0 0 2 1 0 2 1 1 2 0 1 2 0 2 0 0 0 1 1 1 0 2 1 2 1 2 2 1 0 2 1 0 0 1 1 2 0 1 1 1 1 0 0 1 1 1 0 0 1 2 2 0 1 1 2 1 1 2 2 2 1 0 1 0 1 1 0 2 0 0 2 0 1 2 2 2 2 1 2 0 2 0 0 2 2 2 0 2 2 2 2 2 1 2 2 0 2 0 0 2 0 1 1 1 2 0 0 0 2 0 1 2 1 1 1 2 2 2 1 1 1 1 2 1 2 1 0 0 0 0 1 2 1 1 0 0 0 2 2 2 1 0 1 2 2 1 0 2 0 1 2 2 0 0 2 2 2 0 2 0 2 1 0 1 0 0 2 0 0 0 0 1 0 0 2 2 1 2 0 0 2 0 0 0 2 2 2 2 0
1 0 1
230:
1 2 1 2 2 2 0 0 2 2 2 1 1 1 1 1 2 1 2 1 0 1 2 2 2 2 1 2 1 2 2 2 1 2 2 0 2 1 1 1 2 1 0 1 0 2 1 0 2 2 1 2 0 0 1 1 0 0 1 2 2 2 2 1 0 1 2 0 2 0 0 2 0 2 0 0 2 1 0 2 2 0 0 1 1 1 2 2 1 1 0 0 0 0 2 2 0 1 1 2 2 0 0 1 1 0 0 2 0 2 0 1 1 0 1 1 2 0 1 0 0 0 1 0 2 2 2 2 1 0 2 1 1 1 0 1 1 2 0 2 2 0 0 1 2 0 2 0 2 0 2 0 2 1 1 2 1 2 0 0 1 1 2 2 2 2 1 1 0 2 1 1 2 2 2 0 1 1 0 0 1 0 0 2 0 1 1 0 0 1 2 2 1 0 1 2 1 2 2 1 2 2 1 1 2 0 1 0 1 1 2 0 1 0 1 2 2 0 2 2 1 0 1 2 0 1 0 2 0 1 0 1 1 1 2 0 1 1 0 1 1 2 2
1 1 0
231:
1 2 0 0 0 2 1 2 0 0 2 1 2 0 0 1 1 0 1 2 2 1 2 0 0 2 2 2 0 1 1 2 2 0 2 1 1 0 0 0 2 0 0 1 1 2 2 0 0 0 2 2 2 2 0 0 0 2 1 1 2 0 2 0 1 2 2 1 2 1 0 0 0 0 1 1 0 1 1 1 0 0 2 0 2 2 2 1 2 2 1 0 2 1 2 1 1 0 0 2 1 1 1 2 2 2 1 0 0 2 2 0 2 1 2 1 2 0 1 2 2 2 2 2 2 2 1 1 2 2 0 0 1 1 2 2 0 0 1 2 1 2 0 1 1 2 0 0 0 0 2 2 0 0 1 1 1 2 0 0 0 2 2 0 2 2 1 2 2 1 2 0 2 0 2 2 1 1 0 2 0 0 2 2 1 0 0 0 1 2 2 1 1 2 0 0 0 0 1 1 1 2 0 2 0 2 2 0 0 2 1 1 0 0 1 0 2 1 2 2 1 0 0 0 1 1 2 1 2 1 2 1 2 2 2 2 2 2 0 0 1 1 2 0
2 0 2
232:
1 1 2 0 1 0 2 2 0 0 2 1 2 2 0 0 0 2 1 0 2 1 2 2 1 1 1 0 2 0 1 2 0 2 2 2 2 1 1 2 1 0 0 1 1 2 0 1 1 0 1 2 0 0 1 0 1 2 2 1 2 0 0 2 1 1 1 0 0 1 1 0 2 2 2 1 0 0 1 2 2 2 1 0 2 1 2 1 1 1 0 1 1 2 1 2 0 2 1 0 1 2 2 2 1 0 0 1 0 2 2 0 0 2 0 2 2 2 0 0 2 1 1 0 2 2 0 0 0 0 1 2 0 0 0 0 1 1 1 2 1 1 1 2 1 0 1 0 2 1 1 1 0 2 1 0 1 1 2 1 1 2 2 0 1 1 0 1 1 1 2 0 2 0 0 1 2 1 2 2 2 0 0 0 1 0 0 1 2 1 0 2 1 2 2 1 1 0 0 0 2 0 0 0 0 1 2 1 0 0 1 1 2 2 1 0 0 0 2 2 0 1 1 0 1 0 1 2 1 2 2 2 0 1 1 0 2 0 0 0 2 1 0 2 2
0 0 2
233:
2 1 0 2 1 0 2 1 0 2 1 1 1 2 1 2 0 1 2 1 1 2 0 0 1 2 1 0 2 2 1 2 1 0 1 1 2 2 0 0 2 0 2 1 2 2 2 0 2 0 0 1 0 2 1 2 1 0 2 2 0 2 0 0 1 1 2 2 0 1 1 0 1 2 2 2 2 2 1 2 0 2 2 1 2 2 1 0 2 0 0 2 1 1 2 2 0 0 1 0 0 1 1 1 1 0 2 2 1 1 0 1 0 2 0 2 1 2 0 0 0 1 0 1 2 0 2 1 0 2 2 0 2 1 2 1 1 1 0 2 0 2 0 0 1 0 2 2 1 1 1 1 1 0 2 0 0 1 1 1 0 1 0 2 1 0 0 0 0 1 0 0 2 2 0 2 0 1 2 1 0 0 1 1 2 1 0 0 2 0 1 0 1 2 0 0 0 2 1 1 2 2 0 1 2 2 1 0 2 0 0 1 2 0 0 2 0 1 1 2 2 0 0 2 1 0 2 2 1 2 1 0 1 1 1 0 1 2 1 0 0 2 0 1 0 1
0 0 2
234:
2 1 2 0 0 1 2 1 0 2 2 2 2 1 1 1 0 2 1 0 2 1 1 1 2 2 0 0 1 0 1 0 1 2 2 2 1 2 1 1 0 2 2 0 0 1 0 2 2 2 2 0 0 1 2 1 1 1 2 1 2 0 0 1 1 1 0 0 1 2 1 2 0 1 0 1 1 2 0 2 1 0 1 1 1 2 0 1 1 2 0 1 0 2 2 2 2 1 1 2 2 1 0 1 0 0 2 2 0 0 2 0 0 0 1 1 0 1 1 1 0 1 1 1 0 1 2 1 0 0 2 2 0 0 1 0 1 1 1 0 0 0 0 1 2 0 2 0 1 2 1 1 1 0 0 0 1 2 2 0 2 0 1 1 0 0 0 2 0 2 1 1 2 2 1 2 2 2 2 2 2 0 2 2 0 1 2 1 0 1 1 1 0 1 1 1 2 2 1 0 2 2 0 2 1 2 2 2 1 1 0 0 0 1 1 0 0 2 1 0 2 2 2 2 2 1 1 2 2 2 1 0 1 2 0 0 2 2 1 1 2 0 0 0 2 2 2
2 1 1
235:
1 0 1 2 2 2 1 2 1 2 0 2 1 2 1 0 1 0 0 0 0 0 0 0 1 0 0 0 1 0 1 1 0 2 0 1 1 2 1 1 1 1 1 2 2 1 0 2 0 1 0 1 0 2 2 1 2 2 0 0 0 0 0 1 2 1 2 1 1 2 0 0 0 0 2 0 1 2 0 0 2 0 2 2 2 2 2 0 1 0 2 1 1 1 0 2 1 0 1 1 2 0 2 2 1 1 0 1 2 2 0 2 0 0 2 0 2 1 2 0 1 2 1 0 0 1 2 0 1 2 1 0 1 0 0 1 0 2 1 2 1 1 0 0 1 2 2 2 2 0 1 1 1 1 2 2 2 1 1 1 0 2 2 0 1 2 0 2 2 2 0 2 0 0 1 2 0 1 1 1 2 0 2 0 2 1 1 1 2 1 2 2 1 1 0 2 2 0 2 1 2 2 1 0 2 1 2 0 2 1 2 1 0 0 2 0 0 2 2 1 0 0 1 0 0 0 2 0 0 2 1 2 2 1 0 2 1 2 2 0 2 0 2 2 1 1 1 0
2 1 1
236:
0 2 1 2 1 0 2 2 2 2 1 1 2 1 1 0 2 0 2 1 2 2 1 1 0 0 2 0 0 0 1 1 0 1 1 0 0 0 0 1 1 2 1 0 1 2 2 2 1 0 2 2 2 0 0 0 0 0 2 1 2 0 0 0 2 0 2 2 0 1 1 0 0 1 2 2 0 2 0 1 2 0 0 0 1 1 2 2 1 0 0 1 0 2 0 0 0 0 1 1 1 1 2 2 2 2 0 0 1 0 2 1 2 2 2 2 2 0 0 0 1 0 1 2 1 1 1 0 1 0 0 0 0 2 1 2 0 0 2 0 1 1 1 0 1 0 1 0 1 0 2 1 0 1 2 2 1 0 2 2 1 1 2 0 2 1 2 2 2 1 0 0 2 2 0 1 1 2 1 2 0 2 1 0 0 0 0 2 0 0 0 2 2 2 0 1 0 1 1 2 1 0 1 1 1 0 2 2 2 0 2 1 1 0 1 0 0 2 0 0 0 0 0 2 0 2 0 0 0 1 2 1 1 0 2 0 1 1 0 0 0 1 1 1 2 0 2 0 1
2 0 2
237:
0 1 0 0 0 2 2 1 2 1 2 2 2 2 0 1 2 0 1 2 2 0 2 2 0 0 1 2 2 1 0 2 1 2 1 2 1 2 1 0 1 0 1 0 0 2 1 0 1 2 2 0 0 1 0 2 0 1 2 2 0 1 2 2 2 1 2 0 2 2 1 2 2 2 1 1 1 0 1 2 0 0 2 0 2 2 0 0 1 1 0 0 1 0 2 1 0 1 2 2 1 2 2 0 1 1 0 0 1 0 2 0 1 1 2 2 2 1 0 0 0 0 2 1 1 2 0 0 2 0 2 1 0 2 0 2 0 2 1 0 2 0 0 1 1 0 0 0 0 1 2 2 0 0 0 1 0 2 2 2 1 0 0 1 1 0 2 2 1 0 1 2 2 0 1 2 0 0 0 2 1 1 0 0 1 0 2 2 1 2 2 2 2 1 1 0 2 1 1 0 0 2 1 1 0 1 1 1 1 0 1 2 2 1 0 2 1 0 0 0 0 0 1 0 0 1 0 2 2 2 2 0 1 2 1 0 1 0 0 0 1 1 0 2 0 1 1 2 1 2
2 2 0
238:
2 0 0 1 0 0 0 1 2 1 1 0 0 1 1 2 1 2 1 0 1 1 2 0 2 0 0 1 2 2 2 2 2 1 2 0 2 0 2 1 1 2 2 2 1 1 1 1 1 2 2 2 2 1 1 2 2 2 1 1 2 2 0 0 2 2 1 2 2 1 0 1 1 2 1 1 1 0 2 2 1 2 1 2 1 0 1 0 0 2 0 1 1 2 0 1 1 0 2 2 1 1 0 2 1 0 0 1 1 1 1 0 1 1 0 0 0 0 1 2 2 0 2 1 0 1 2 2 1 0 0 0 0 1 1 1 0 2 2 2 1 1 1 0 0 1 1 1 0 1 2 1 1 1 1 0 2 2 1 2 0 0 2 1 0 2 1 1 0 0 0 1 2 2 1 2 2 2 0 2 1 2 0 1 0 1 1 2 2 2 0 0 2 0 0 1 0 0 1 1 1 1 2 1 1 0 0 1 2 2 1 0 0 1 1 2 1 0 1 2 1 2 1 1 0 2 2 1 0 0 1 1 0 1 2 2 1 2 2 0 0 0 0 0 1 1 2 0 0 0 2
0 2 2
239:
0 0 1 2 2 0 0 1 0 2 1 1 2 2 2 1 2 1 2 0 1 2 1 2 2 2 2 2 0 0 2 2 2 0 0 1 1 2 1 2 0 2 2 1 2 0 2 2 0 1 2 2 2 0 1 0 2 1 2 2 0 2 2 0 0 0 1 2 2 2 2 0 1 1 0 1 0 1 1 1 1 1 1 1 0 0 0 1 0 2 2 0 2 1 1 2 2 1 2 1 2 2 1 1 0 2 1 1 1 0 1 2 0 0 0 0 0 0 1 2 1 0 2 2 0 0 2 2 1 2 1 2 2 2 0 0 0 2 2 0 1 0 2 2 1 1 0 0 1 1 2 1 1 2 0 0 1 1 2 1 0 0 1 0 2 2 1 2 0 2 2 0 2 2 1 2 2 0 1 2 0 1 1 0 2 1 0 0 2 0 0 2 2 1 1 1 0 0 2 2 1 1 0 1 1 1 1 1 2 0 0 2 0 1 0 0 2 2 2 0 0 1 2 0 0 1 0 1 0 2 0 2 0 2 0 1 0 2 2 1 0 1 0 0 1 0 1 1 2 0 0 0
1 1 0
240:
2 2 0 1 2 1 2 1 2 2 1 1 0 1 2 1 2 2 2 2 1 0 0 0 1 1 2 2 0 2 1 2 2 2 0 0 2 2 2 2 0 2 0 0 2 0 1 0 1 2 1 2 1 1 0 1 2 2 2 0 0 2 0 2 1 0 1 2 2 2 1 0 2 2 1 2 0 1 2 0 1 1 2 2 0 0 0 1 0 1 2 0 2 0 2 2 1 0 2 2 0 0 0 1 2 1 0 2 2 1 2 0 0 2 0 1 0 2 0 1 2 1 0 2 0 2 1 1 1 2 2 0 1 1 2 1 0 2 1 0 2 1 1 2 2 2 2 1 2 0 2 1 0 0 1 1 1 2 2 0 1 1 0 1 2 1 2 1 1 0 2 2 0 2 0 0 2 1 1 2 0 2 2 1 0 0 2 2 1 2 1 0 0 0 0 0 0 0 2 1 1 1 2 1 2 0 2 1 0 0 2 0 0 1 1 2 1 1 0 2 1 2 2 2 2 1 0 0 2 0 1 1 0 0 2 2 1 1 0 0 0 1 2 1 1 2 2 0 1 1 2 2 2
2 1 1
241:
0 1 0 0 2 1 0 0 1 1 1 2 1 1 1 0 2 2 1 0 0 0 0 1 1 0 0 1 0 1 0 0 1 2 1 1 2 2 2 2 0 2 1 0 0 1 1 0 2 0 1 1 0 1 2 0 1 0 1 2 0 0 0 1 1 1 0 1 1 2 1 0 2 2 2 0 1 1 2 0 2 0 1 1 1 0 1 0 0 1 1 0 1 2 2 2 2 1 2 2 2 0 2 2 2 2 1 1 0 1 2 2 2 0 2 2 0 0 0 0 0 1 2 1 2 0 1 1 0 2 1 1 1 1 0 2 0 1 1 2 2 1 1 0 0 1 2 0 1 2 2 1 2 1 2 2 1 1 1 2 2 1 1 2 1 2 1 0 2 0 1 1 2 2 1 1 2 2 0 1 1 0 0 0 2 1 2 2 2 1 2 0 2 2 0 2 2 2 1 2 0 1 0 2 1 0 2 1 0 0 2 2 0 2 2 2 2 1 0 1 2 0 0 2 1 1 2 1 1 1 2 1 2 2 1 1 0 0 0 2 1 1 2 0 1 1 1 0 2 0 0 2 2 0
0 1 1
242:
2 2 2 2 1 1 1 0 1 2 0 1 1 2 2 2 2 0 2 1 0 2 2 2 0 1 2 2 1 0 1 1 2 1 0 2 1 0 2 2 1 1 0 0 2 1 0 2 1 1 2 1 2 1 2 0 0 0 1 0 0 1 2 0 1 1 0 0 1 0 0 1 2 0 1 1 1 1 1 2 1 0 1 1 0 0 0 2 2 1 0 1 1 1 1 1 1 0 0 0 2 0 2 2 2 0 0 0 1 1 2 2 0 0 0 2 1 2 1 1 0 2 1 1 2 2 2 1 2 1 2 0 0 2 1 1 0 2 2 2 2 1 2 0 0 0 1 2 0 0 1 0 0 1 0 0 2 1 1 1 0 2 2 1 1 2 1 0 0 1 0 0 1 0 1 2 2 1 0 0 0 0 1 2 1 2 1 2 0 2 1 1 2 2 1 2 0 0 0 0 2 0 1 0 2 0 2 1 2 2 2 2 1 2 0 2 0 2 2 0 1 1 1 2 0 2 0 1 2 2 2 1 2 1 2 2 1 1 0 1 2 0 2 2 2 1 2 0 0 2 2 2 1 2 2
1 0 0
243:
2 0 2 2 1 0 1 1 0 2 0 1 2 0 2 0 1 0 1 2 0 1 1 1 1 0 1 1 2 2 0 2 0 2 0 1 1 0 1 0 0 2 0 0 1 2 0 0 2 2 2 2 1 1 1 1 2 1 1 1 1 2 2 0 1 2 1 2 1 0 2 2 1 1 0 1 2 2 2 1 2 0 0 0 2 0 1 2 0 2 1 0 1 0 1 2 1 2 0 0 1 0 2 2 0 1 0 0 0 1 2 1 0 1 2 0 2 0 2 1 1 0 0 1 0 0 0 0 0 2 1 1 0 2 0 0 0 0 1 1 2 1 2 0 1 0 2 2 0 0 0 2 0 2 1 0 1 2 0 1 1 1 0 0 0 0 1 1 2 2 0 0 2 2 0 0 1 0 1 1 1 1 0 0 0 1 0 0 1 1 0 1 2 2 2 1 0 1 2 0 1 2 1 1 1 1 0 2 0 0 0 2 2 1 2 2 0 0 0 0 0 0 2 2 1 0 0 1 1 2 1 1 0 2 1 2 2 0 1 1 2 1 2 0 1 2 0 2 0 1 2 1 2 0 1 2
2 0 0
244:
0 2 0 0 1 0 0 0 0 1 1 0 1 2 1 0 0 2 2 1 1 1 2 1 2 1 2 1 1 0 2 1 1 1 2 1 0 1 2 1 0 1 1 0 2 1 0 1 2 2 1 1 0 2 1 1 2 2 2 0 2 0 1 1 1 1 2 1 0 1 1 2 1 2 1 0 2 0 0 2 0 2 1 2 1 0 2 0 0 1 0 1 0 0 1 2 0 0 0 0 2 1 2 2 2 0 2 2 2 2 2 2 2 2 0 2 1 2 0 1 0 0 2 0 0 1 2 0 2 2 2 0 0 2 1 1 0 1 2 2 1 1 0 0 1 1 0 2 1 2 0 0 0 1 1 1 0 2 0 2 2 2 0 1 1 0 1 0 0 0 1 0 2 1 0 0 0 2 1 1 0 0 2 1 2 2 2 2 2 1 1 2 2 2 2 0 0 2 2 1 0 2 1 0 2 2 0 0 1 0 2 1 2 0 0 2 0 0 0 0 2 0 0 0 0 2 0 1 0 2 2 2 1 1 2 0 1 0 0 1 2 2 0 2 0 1 1 2 2 0 1 1 0 1 1 2 1
0 1 1
245:
0 1 1 1 2 0 0 0 1 2 2 2 2 1 1 2 1 1 0 1 0 0 0 0 0 0 2 2 2 0 0 1 2 1 0 1 1 0 1 1 1 1 2 1 0 0 0 1 0 2 0 2 0 1 0 1 0 0 0 0 0 2 0 2 0 2 2 1 1 2 2 2 1 1 1 2 0 2 1 2 1 2 0 0 2 0 2 0 1 1 1 1 1 2 1 2 1 0 2 0 1 2 2 2 2 0 0 2 2 0 0 2 1 0 0 1 0 1 1 1 1 1 2 0 2 2 1 0 1 2 0 0 2 0 1 2 0 0 0 2 0 2 2 2 2 0 0 1 1 2 2 1 2 0 2 0 2 2 0 1 1 2 2 1 2 1 1 2 2 0 0 0 0 1 2 2 1 0 2 0 0 0 2 2 1 2 2 1 1 2 2 2 1 1 0 2 1 1 0 2 2 1 0 2 0 2 1 0 1 1 2 0 0 0 1 2 1 1 0 0 0 1 2 2 0 0 0 0 2 0 2 2 1 1 1 1 1 1 0 1 2 2 1 1 0 2 0 0 0 0 1 1 2 0 0 2 2 0
1 2 2
246:
1 2 1 2 2 2 0 1 0 0 0 0 0 1 1 0 1 1 2 0 1 0 2 2 2 2 0 1 0 0 1 0 1 0 2 1 1 1 0 1 0 0 1 1 2 2 1 1 0 2 2 0 0 1 0 0 2 1 0 2 2 1 0 1 1 0 2 1 0 1 0 1 1 0 1 0 2 2 0 2 2 1 2 2 1 2 2 2 1 1 2 1 1 0 1 0 2 1 2 0 2 0 0 0 1 2 1 1 2 0 2 1 0 1 2 2 2 2 1 0 0 2 1 0 1 0 2 0 1 2 2 0 2 0 1 1 0 0 0 2 0 2 2 1 0 2 0 0 1 2 1 0 1 1 2 2 0 0 2 1 1 1 1 1 0 0 0 1 2 2 1 0 2 0 0 2 1 2 1 0 0 2 2 1 1 1 0 1 2 1 2 0 0 2 0 0 2 1 0 1 2 0 2 2 2 0 0 1 0 2 0 0 1 1 1 0 0 1 0 0 2 1 0 1 0 2 0 2 1 1 0 0 0 2 0 0 1 2 2 2 1 2 0 0 1 2 0 2 2 2 2 0 0 0 0 2 1 1 2
2 2 1
247:
2 2 1 0 1 1 1 2 2 2 0 0 0 2 0 1 0 2 0 1 0 2 2 2 2 0 2 1 0 0 2 1 0 1 2 1 0 0 2 0 2 1 0 1 2 2 2 0 0 1 2 1 1 1 2 1 2 0 2 1 2 0 1 1 0 1 1 0 1 1 1 1 1 1 0 2 2 1 1 0 0 2 0 2 1 2 1 0 0 0 1 2 2 2 2 2 1 1 1 1 0 0 1 0 2 0 0 2 0 1 0 1 1 1 0 2 0 0 0 0 0 1 0 0 2 0 0 1 0 1 0 2 2 1 1 2 1 1 1 2 2 1 1 0 2 2 2 2 1 2 0 1 2 0 1 0 1 0 1 0 2 2 2 2 1 1 2 2 2 0 1 1 2 2 0 2 2 0 1 0 1 0 2 2 1 0 2 1 2 0 1 0 1 1 2 1 0 2 2 0 0 1 2 0 1 2 1 2 0 0 0 1 0 2 0 1 1 2 2 2 0 1 1 0 0 2 0 1 0 1 0 1 1 2 2 0 1 2 2 1 2 1 2 0 2 2 2 2 1 0 2 2 1 0 2 1 1 0 1 1
0 1 1
248:
1 1 0 1 2 2 0 1 0 0 2 1 1 0 0 2 2 1 1 1 2 0 2 1 2 1 0 2 0 0 0 2 2 1 2 0 0 2 1 2 2 1 0 0 1 0 2 0 1 2 0 1 2 0 0 1 2 2 1 1 2 2 0 2 0 1 2 1 2 2 0 2 2 0 2 0 1 2 2 0 1 2 2 2 1 1 2 2 2 2 2 1 0 2 1 0 2 0 2 2 0 1 0 1 0 0 2 0 2 0 0 0 0 0 2 2 2 2 2 1 0 2 0 1 1 1 1 0 0 1 2 0 2 2 2 0 0 1 2 1 1 0 0 2 2 2 1 1 2 0 2 2 2 0 1 2 1 0 1 0 0 2 0 2 2 2 2 2 0 1 0 1 1 1 2 2 2 1 2 1 2 2 2 2 1 1 2 1 2 2 1 2 2 1 2 1 0 2 1 2 1 2 1 1 0 0 1 1 2 1 2 2 0 2 0 2 0 2 0 0 0 1 2 2 0 1 2 1 1 2 0 2 2 1 0 1 1 2 1 0 1 1 0 0 0 0 2 2 2 0 2 1 0 0 1 0 1 2 0 0 2
0 0 2
249:
2 2 2 2 1 1 1 1 1 2 1 2 0 0 1 1 1 1 0 2 0 2 2 2 0 0 2 2 1 2 1 0 0 1 2 2 2 1 0 0 1 0 1 0 1 2 0 0 1 1 2 2 1 1 2 2 0 0 0 2 1 0 2 0 2 2 1 2 2 1 2 0 1 0 2 1 1 1 2 1 1 1 0 2 2 1 0 2 0 2 2 0 2 2 1 1 0 2 0 2 1 2 2 0 2 2 2 1 2 0 2 2 0 0 0 1 2 1 2 0 0 2 2 2 0 2 1 2 0 2 1 0 1 1 0 0 1 0 2 0 1 0 1 2 1 0 1 1 2 1 0 0 1 0 1 2 1 1 2 1 0 1 1 2 0 0 1 2 1 1 1 0 1 0 1 0 2 1 0 2 2 1 0 1 1 1 0 1 1 0 1 2 0 2 1 0 2 0 1 2 0 1 2 1 2 2 1 0 0 2 1 1 2 0 2 0 2 0 0 0 2 0 0 0 2 1 0 1 2 0 0 0 1 1 0 1 0 2 1 1 0 1 1 2 1 0 0 2 2 2 2 0 0 0 1 1 1 2 2 1 1 0
2 1 1
250:
0 0 1 1 2 1 0 0 1 2 1 2 1 1 1 1 0 0 2 1 0 1 1 2 1 1 2 2 1 1 0 1 0 2 2 0 2 0 1 0 1 0 0 1 1 0 1 0 2 1 2 1 1 0 2 0 1 1 0 0 2 1 0 0 1 2 1 0 0 1 1 0 2 1 2 2 2 2 0 0 0 2 0 2 2 2 2 2 1 2 0 0 2 2 1 0 2 2 2 1 1 1 1 2 2 1 0 1 1 0 0 0 0 0 2 0 1 1 0 2 2 2 1 2 2 0 1 1 0 2 2 1 2 1 2 2 1 0 0 0 2 0 2 0 1 2 0 1 2 1 2 2 1 1 2 1 2 0 2 2 0 2 0 1 0 0 1 1 2 1 1 1 1 2 0 0 1 2 1 1 0 2 1 1 2 0 0 1 1 0 1 1 0 0 1 0 1 1 1 2 0 1 0 0 0 0 2 2 2 0 1 0 1 0 1 0 2 2 0 1 0 2 2 0 0 1 0 2 2 2 1 1 0 0 1 1 0 1 1 2 1 0 2 2 2 2 0 0 0 1 2 2 0 2 2 1 1 0 2 0 1 0 0
0 0 1
251:
1 2 0 1 1 0 0 1 0 2 1 1 0 0 2 0 0 2 1 2 1 2 2 2 0 1 1 1 2 1 0 1 2 2 0 2 1 1 0 1 1 2 0 0 0 1 0 2 1 1 0 2 1 0 0 1 0 0 0 1 2 1 0 2 2 0 0 0 2 2 1 0 0 1 2 1 0 2 1 0 2 1 2 1 2 0 2 0 2 1 1 1 0 2 1 0 1 1 0 2 2 2 1 1 1 0 1 0 0 0 2 2 2 1 0 2 0 1 1 0 2 1 1 1 2 0 1 2 0 0 2 1 1 0 2 0 1 2 1 0 2 2 2 1 0 0 0 1 0 1 2 1 1 1 1 1 1 1 0 1 0 1 1 0 0 0 1 0 0 1 1 2 1 2 2 1 1 0 0 2 2 2 0 0 2 0 0 2 1 1 0 1 0 2 1 0 1 1 2 0 0 2 2 1 1 1 1 0 0 1 0 2 2 0 0 2 2 1 1 1 1 1 2 1 1 2 1 0 2 0 0 0 1 0 0 0 1 0 1 0 1 2 2 0 1 1 1 1 2 0 2 0 1 1 0 1 1 0 2 1 1 2 1 1
2 0 2
252:
0 0 0 1 1 1 1 2 2 1 1 1 2 0 0 1 2 1 2 2 1 2 2 1 0 2 0 0 1 0 1 2 2 2 0 1 1 2 1 2 2 2 1 1 0 0 0 0 1 1 2 2 1 0 2 1 0 0 1 2 2 0 1 0 2 1 2 2 1 2 1 0 2 0 1 2 2 2 0 2 1 1 1 0 1 2 2 0 0 1 2 2 1 1 2 1 1 1 2 1 2 0 2 1 0 1 2 0 1 2 0 2 0 2 1 1 2 0 0 1 1 1 1 1 0 2 0 0 2 0 2 2 0 2 1 0 2 2 1 2 1 2 0 2 2 0 2 2 0 2 1 2 1 1 1 2 2 1 0 2 1 2 2 2 1 1 2 0 2 2 1 2 2 1 2 0 1 1 0 2 0 0 0 1 1 0 1 0 0 0 0 2 1 1 2 0 2 1 2 1 0 1 1 2 2 0 1 2 0 1 2 0 2 1 2 2 1 1 1 0 2 2 2 0 2 0 2 1 2 2 2 0 2 2 1 0 1 1 2 2 0 1 0 0 2 2 0 1 1 0 0 0 1 1 1 1 2 1 1 2 0 2 1 2 0
1 1 2
253:
0 2 2 0 1 0 0 0 0 2 1 2 0 2 0 0 0 1 2 0 0 1 0 2 0 1 1 2 0 1 1 1 0 0 2 0 0 0 0 0 0 2 0 0 2 0 1 1 1 1 2 0 2 1 2 1 0 1 2 2 1 2 2 1 0 1 2 1 1 0 2 0 0 1 2 0 2 1 1 2 1 0 2 0 1 2 1 0 2 2 2 1 1 0 0 0 2 0 0 1 1 1 2 1 0 0 1 0 0 2 2 2 1 2 0 0 2 2 0 2 1 0 2 1 1 2 1 0 2 2 2 0 1 2 1 0 0 2 2 2 1 0 2 1 1 2 1 2 2 2 1 2 0 1 0 0 0 1 1 1 1 2 2 0 0 0 1 2 0 1 0 2 1 2 0 1 0 2 2 1 2 2 0 2 2 0 2 0 0 0 0 1 0 2 0 0 1 1 0 2 2 2 2 0 1 2 2 0 1 1 0 2 2 1 1 2 0 2 0 0 1 2 1 0 1 0 1 1 2 2 0 0 0 1 0 2 2 2 2 2 1 1 0 0 1 0 0 0 0 1 2 2 0 2 1 1 0 0 1 0 0 2 1 1 2 2
1 2 2
254:
1 2 1 2 2 1 2 2 1 2 0 2 0 2 2 0 1 0 2 2 1 2 1 0 1 1 0 2 1 2 1 1 0 1 0 1 1 2 2 0 0 2 1 2 0 2 2 0 1 0 2 2 2 2 2 0 0 1 1 1 2 0 1 0 0 2 0 1 1 2 0 2 2 1 2 1 2 1 0 1 1 2 0 2 1 2 2 2 2 0 0 1 0 1 2 1 1 0 2 2 0 2 2 2 0 2 2 0 1 0 2 0 0 0 1 1 1 1 0 0 1 1 2 0 0 2 0 0 0 0 1 0 1 1 2 2 1 1 0 0 0 2 0 2 2 1 1 2 0 1 1 1 1 0 0 2 2 0 0 1 0 2 1 2 2 1 2 1 0 0 2 1 2 2 2 0 0 0 0 2 0 1 2 2 0 0 2 0 0 0 0 1 1 0 1 1 0 2 0 0 1 0 1 2 2 0 1 2 1 2 0 1 2 0 1 1 2 2 0 0 2 2 2 0 2 0 1 0 0 0 0 0 0 1 0 1 2 2 1 2 2 2 0 2 1 0 0 1 1 1 2 0 0 0 2 1 2 1 0 2 1 1 0 1 2 2 2
2 1 2
255:
0 0 0 1 1 1 1 1 0 1 1 1 0 2 1 1 2 2 2 0 2 1 1 2 0 2 1 2 0 0 2 2 0 0 1 0 0 2 2 2 1 0 2 2 0 2 2 2 2 1 2 1 0 0 1 1 0 1 1 0 0 1 2 1 2 0 0 0 0 1 0 2 0 0 1 2 1 0 1 1 2 1 1 0 1 1 0 1 0 0 2 1 0 0 2 0 0 1 2 1 0 2 2 2 1 1 1 1 2 1 2 0 1 2 1 2 1 1 0 1 0 2 1 1 2 1 1 0 1 0 0 0 0 2 2 2 1 0 1 2 2 2 1 0 2 2 0 2 0 0 0 2 1 1 2 0 0 0 0 1 0 2 0 1 1 1 0 2 1 0 1 1 2 1 2 2 1 0 1 0 1 1 0 0 2 2 2 0 2 2 2 1 2 0 0 0 1 1 2 0 2 1 0 1 1 1 2 2 2 2 0 2 1 0 2 1 2 1 0 0 0 0 1 2 2 0 2 0 1 2 0 1 1 0 1 0 2 1 0 2 0 0 1 2 0 2 0 1 0 1 2 2 2 1 1 1 0 0 2 1 2 2 2 0 2 1 2 0
1 0 1
256:
2 2 0 0 2 2 2 1 0 1 0 2 1 2 1 2 0 1 0 1 0 2 0 0 0 1 2 2 1 1 1 0 2 1 2 1 0 0 1 2 1 2 0 1 2 0 2 1 0 2 0 2 1 1 1 0 1 2 1 1 1 0 0 2 2 0 1 0 1 1 2 0 1 0 1 0 1 1 1 2 2 1 0 0 1 0 2 2 1 2 0 0 0 2 2 2 2 2 0 2 2 1 0 1 1 1 0 2 1 2 2 1 0 2 1 0 1 2 0 2 0 2 2 0 2 2 1 0 0 0 2 1 1 0 1 0 0 1 2 2 2 0 1 0 0 0 2 0 1 2 1 0 1 0 1 2 1 2 0 2 0 1 2 0 0 0 1 0 1 0 0 0 2 0 2 2 2 1 2 2 0 2 0 0 1 2 2 0 1 1 1 2 1 1 2 1 0 1 2 0 2 2 1 2 1 1 0 0 0 0 0 2 0 1 2 0 0 2 0 2 1 2 2 0 2 2 2 2 0 1 0 0 2 0 1 0 2 1 1 1 2 2 1 2 0 1 0 1 2 1 0 2 2 0 2 0 0 2 1 0 2 1 2 0 0 1 1 0 0
0 0 1
257:
2 2 1 2 2 2 2 1 0 0 0 0 0 0 0 1 0 1 0 0 1 1 2 2 0 1 2 2 1 2 1 0 1 2 0 1 0 0 2 0 2 0 2 0 2 2 1 1 1 2 0 2 1 1 0 0 2 2 2 2 2 0 1 2 0 2 1 0 0 0 2 0 1 2 1 0 0 0 1 0 0 2 1 2 1 1 1 0 2 2 2 1 2 1 2 2 1 2 1 1 0 1 1 1 0 0 2 0 1 1 2 1 0 1 0 1 2 1 0 0 1 1 0 0 1 0 1 0 2 2 0 2 0 1 0 2 1 2 0 2 1 1 1 2 1 1 0 1 2 2 0 2 2 1 0 1 1 1 2 2 0 1 2 2 1 2 2 0 0 1 0 2 1 0 0 1 1 0 2 2 1 0 2 2 2 1 1 1 1 0 1 1 1 2 2 1 2 1 1 2 2 2 0 2 0 0 1 0 1 0 0 2 1 2 0 2 2 2 1 0 0 0 1 2 2 0 1 2 0 2 1 0 0 0 2 2 2 2 0 1 1 0 0 2 2 0 0 1 1 0 1 0 1 0 0 2 1 1 2 0 2 2 0 0 1 1 2 2 2 2
2 1 2
258:
2 2 0 2 2 1 0 2 0 0 1 1 2 0 2 1 0 1 0 0 0 2 0 0 0 0 2 0 1 1 1 0 2 1 1 2 2 2 0 1 0 1 0 1 1 1 0 0 0 0 2 1 1 2 2 1 0 1 0 0 2 2 1 1 1 0 1 0 2 2 2 1 2 2 1 2 0 1 1 1 1 1 0 0 0 0 0 2 1 0 0 1 0 1 0 1 1 0 2 1 1 1 1 2 2 2 2 2 0 1 2 2 0 1 0 1 0 2 1 1 2 2 1 2 1 0 0 0 2 0 1 1 2 1 0 1 1 0 1 2 1 1 1 0 1 2 1 2 2 0 0 1 0 2 2 0 2 0 1 2 0 0 1 2 2 2 0 2 0 2 0 1 1 2 0 0 2 0 1 0 1 1 1 1 2 1 1 2 1 1 2 2 1 1 2 1 0 1 2 2 0 1 0 0 2 2 1 2 2 1 2 2 2 0 1 1 0 2 0 2 0 1 1 1 0 1 2 1 0 0 2 0 1 2 2 0 1 2 1 1 0 1 0 1 2 0 1 1 2 2 0 0 1 0 1 1 2 1 0 2 2 0 1 1 0 1 1 2 1 2 2
2 2 0
259:
0 1 0 2 0 1 0 0 2 0 0 2 2 2 1 0 0 0 0 2 2 2 2 1 2 1 1 1 1 2 0 0 1 2 1 0 0 0 1 2 0 2 0 1 1 0 1 1 0 2 2 0 2 0 0 2 0 0 2 1 2 2 2 2 2 1 1 1 1 0 0 2 0 0 2 0 2 1 0 2 2 2 0 2 1 0 1 1 1 1 2 0 1 1 1 0 2 1 0 1 1 1 2 0 1 2 1 0 0 0 2 1 0 0 1 2 2 0 0 2 2 0 0 0 2 1 0 1 1 2 2 1 1 0 0 2 0 2 2 1 0 1 1 2 2 1 1 2 2 0 2 0 0 1 2 1 0 2 1 2 0 0 2 2 0 0 0 1 0 2 1 1 0 2 1 1 0 1 2 1 2 2 2 1 2 2 1 0 0 2 0 1 0 1 2 2 0 2 0 1 2 0 2 2 0 0 2 1 0 0 0 1 0 1 1 0 1 0 0 0 2 2 1 1 1 0 1 1 2 0 2 1 1 0 1 0 2 2 0 1 1 1 2 1 1 0 1 0 1 2 0 2 1 0 2 2 1 1 1 0 1 2 1 0 1 2 1 0 2 2 1 1
0 2 0
260:
1 2 2 0 2 0 1 1 1 1 0 1 1 2 1 1 0 2 2 1 1 1 2 0 2 2 2 1 0 1 0 0 0 2 1 2 1 2 1 0 2 1 0 1 1 0 0 0 2 0 1 0 1 0 2 0 2 1 0 2 2 0 1 1 1 0 2 2 2 2 1 2 2 2 1 0 0 0 0 0 1 2 2 0 2 1 0 1 1 2 0 1 0 2 0 0 2 0 1 1 0 2 0 0 1 0 2 1 1 0 0 0 1 2 1 2 0 2 0 0 0 1 0 0 1 0 0 0 0 1 0 2 0 2 1 2 0 0 0 2 0 0 2 0 2 1 1 0 0 1 2 2 2 1 1 0 0 0 2 0 1 0 0 0 2 1 0 0 0 2 1 2 1 1 1 2 2 1 0 2 0 1 1 0 1 2 2 1 0 1 1 2 2 0 1 1 0 2 1 1 2 0 0 2 1 1 0 1 1 1 0 0 1 1 0 2 1 2 0 1 1 1 2 2 2 2 2 0 2 1 2 0 0 2 2 2 2 2 2 2 1 0 1 1 1 2 2 2 0 0 0 0 0 2 1 1 2 2 0 1 2 1 2 2 1 1 2 2 1 2 2 1 1
1 2 2
261:
1 1 2 0 1 0 0 2 0 1 2 1 2 0 2 0 0 2 1 1 2 0 0 0 1 1 2 1 0 2 1 2 0 0 1 0 0 1 0 2 2 2 0 1 1 0 1 1 2 1 0 2 1 1 0 2 0 0 2 1 0 1 1 2 2 0 0 1 2 0 0 0 0 2 2 0 0 0 1 1 1 0 2 2 0 0 1 1 0 0 0 0 2 0 2 0 0 0 0 2 2 1 2 0 1 1 0 2 0 0 1 1 0 2 1 0 0 0 2 0 0 2 2 2 2 1 1 2 2 1 0 2 2 1 0 1 1 1 0 1 2 1 2 0 2 0 2 0 2 2 0 2 1 0 2 1 0 2 0 2 0 2 0 0 0 2 0 1 0 2 0 0 1 2 1 0 0 0 0 2 1 1 2 2 0 1 1 2 1 1 1 2 2 1 1 1 0 1 2 1 0 2 2 2 0 2 0 1 2 1 1 1 0 2 1 1 0 1 0 0 2 1 1 0 2 0 0 2 2 1 1 1 2 1 1 2 2 0 0 0 1 2 2 0 2 0 0 1 2 0 1 0 0 2 0 2 2 1 2 0 2 1 1 2 0 1 1 1 1 2 2 1 2 1
0 0 1
262:
2 1 1 2 1 1 0 1 1 0 0 0 2 0 1 0 2 2 1 2 0 0 1 2 0 2 1 1 1 0 2 2 2 0 0 1 0 0 2 2 0 0 2 2 0 2 1 2 2 1 0 0 0 1 0 2 2 1 0 1 1 0 1 1 2 2 0 0 0 0 2 2 0 0 0 1 2 1 0 1 2 0 1 0 0 0 1 2 1 1 2 1 0 2 2 2 1 2 2 1 1 2 2 0 2 2 0 0 2 0 2 2 2 1 1 1 2 1 0 2 0 2 1 1 0 1 2 2 0 1 0 1 0 0 2 1 1 2 1 2 0 2 0 1 1 0 0 2 0 1 1 2 0 0 2 2 1 2 1 2 1 1 1 2 0 2 2 1 0 0 0 0 0 2 2 2 1 0 0 2 0 0 1 0 0 0 2 1 0 1 0 0 2 1 2 1 2 0 1 2 2 1 2 1 1 2 2 0 2 2 0 1 2 0 0 1 0 1 0 1 0 1 1 1 1 1 1 2 2 2 2 1 1 2 0 2 0 1 1 0 1 0 2 1 2 0 1 0 2 1 0 2 0 2 1 0 0 2 1 0 0 1 0 1 2 2 2 2 1 1 2 2 2 0 2
2 0 0
263:
0 2 2 1 1 1 0 0 0 0 1 2 2 1 2 0 1 2 2 1 1 1 0 1 1 2 0 2 0 2 1 0 1 1 1 2 1 2 2 0 1 1 0 0 2 1 1 0 2 0 2 0 0 0 0 0 0 0 1 2 2 2 1 0 0 2 1 2 0 2 2 1 0 0 1 0 1 0 1 0 1 0 2 1 1 2 0 0 2 1 1 2 0 1 1 1 2 2 0 1 1 1 2 0 1 0 2 1 0 0 2 0 2 1 1 0 0 0 1 1 0 0 0 1 2 2 1 2 0 0 1 0 2 1 0 2 1 2 2 2 0 1 0 1 2 1 0 1 2 1 1 2 0 1 0 0 0 2 0 2 2 0 2 2 2 0 1 0 1 2 0 1 0 0 2 2 2 1 0 1 0 0 0 1 1 1 2 2 1 2 0 1 0 0 1 2 0 2 0 1 1 0 0 0 1 2 2 0 2 2 1 2 0 1 1 1 0 2 2 2 1 0 0 2 0 0 2 2 0 1 0 2 0 1 1 1 1 2 0 2 0 0 1 2 2 2 2 2 2 2 1 2 0 0 1 2 1 1 1 0 1 0 0 0 0 1 2 0 1 0 2 2 1 2 2 1
1 2 1
264:
2 1 2 0 0 1 1 2 0 0 2 1 0 2 2 1 0 2 2 2 0 2 1 0 2 1 2 0 2 0 2 2 0 1 1 0 0 2 2 2 1 2 1 2 2 1 1 2 1 1 2 1 0 0 0 1 2 0 0 2 2 0 1 0 0 2 2 1 1 0 0 2 2 1 0 2 0 1 1 1 2 1 2 2 0 0 2 2 1 0 1 1 2 0 1 1 2 0 2 2 2 0 1 0 1 0 2 1 0 2 2 1 2 0 0 2 2 0 1 2 0 1 2 0 0 1 2 0 0 0 1 1 2 1 0 2 0 1 0 1 1 2 0 0 2 0 0 0 1 1 0 2 0 2 0 0 2 0 1 0 0 0 2 1 0 1 0 1 0 1 2 0 1 2 0 0 2 2 0 2 2 2 1 2 2 1 2 0 1 2 2 2 2 0 2 1 0 2 2 2 0 2 1 0 2 2 1 1 0 2 2 0 0 1 0 1 1 1 2 1 0 0 1 1 2 2 0 0 0 0 2 1 1 1 1 0 0 0 0 1 0 1 0 0 2 2 1 0 0 0 2 2 2 1 0 0 0 2 0 2 0 0 1 2 0 2 0 1 1 0 0 0 1 2 2 1 2
0 2 2
265:
1 2 0 2 2 2 1 1 1 0 2 0 2 1 0 2 1 1 0 1 2 2 2 0 2 1 1 1 1 1 1 2 0 1 2 2 0 2 1 2 0 0 2 2 2 0 2 0 1 2 0 1 2 2 0 1 1 2 1 0 1 0 1 0 2 2 0 2 0 0 0 1 0 0 2 0 2 1 0 1 2 2 1 1 1 0 2 0 1 0 1 1 1 0 0 1 1 0 2 1 2 0 2 2 0 1 2 2 1 0 0 2 1 0 0 1 0 2 0 2 2 0 2 2 2 1 2 1 1 0 2 0 1 1 1 1 2 0 1 1 1 2 0 1 1 2 1 0 1 0 1 0 1 2 1 1 1 2 2 1 2 0 0 0 0 0 2 1 0 2 0 0 2 2 2 2 1 0 0 0 0 1 1 0 0 2 1 1 2 1 0 1 0 2 0 1 1 2 1 1 1 2 0 2 0 1 0 0 0 1 1 0 1 2 1 0 2 0 0 2 1 0 0 1 2 2 1 0 1 0 2 2 0 0 0 1 0 1 1 2 0 0 2 2 1 2 0 2 2 1 2 1 0 2 2 1 1 0 2 0 2 0 2 2 0 0 0 1 2 1 0 0 1 2 0 1 0 0
0 0 1
266:
1 2 2 1 0 2 2 0 1 0 2 1 1 1 2 0 0 2 2 2 2 1 0 1 0 0 2 1 1 1 1 0 2 1 2 1 0 2 2 2 2 0 0 0 1 1 0 0 1 1 0 1 1 1 0 2 0 2 1 1 1 0 0 0 2 0 2 0 2 1 2 1 0 2 0 1 2 0 0 1 1 1 2 0 0 1 0 2 2 0 1 0 2 0 0 0 1 0 1 1 0 2 1 1 0 1 1 2 2 2 1 2 2 2 1 1 0 1 2 2 2 0 1 1 1 2 1 0 1 0 0 2 1 2 1 2 0 1 2 0 2 0 1 1 1 1 0 1 1 1 0 0 2 1 1 0 1 2 2 1 0 0 1 2 2 0 0 0 0 0 1 1 1 2 0 2 2 2 1 1 1 0 1 2 1 0 1 2 0 0 0 1 1 2 0 0 0 2 2 1 2 2 0 0 2 1 0 2 2 0 0 1 0 2 0 2 0 0 1 2 0 0 1 0 1 2 2 1 0 0 1 2 2 2 2 0 1 2 2 1 1 0 1 1 2 0 2 0 2 1 0 2 0 0 1 2 0 2 2 0 1 1 0 2 0 0 1 2 0 0 2 0 2 2 1 0 1 2 2
1 0 1
267:
1 2 2 0 0 0 2 0 1 1 1 2 0 1 2 2 2 0 1 2 1 2 2 2 0 2 2 2 1 2 1 0 0 1 0 0 2 0 0 1 0 1 0 1 2 1 2 2 1 2 1 2 0 1 1 2 0 0 2 1 1 2 1 2 0 2 0 2 2 0 0 2 0 2 2 2 2 0 2 1 0 0 0 0 0 1 2 2 0 2 1 1 2 0 0 2 0 0 1 2 0 1 2 1 1 1 0 1 1 0 2 2 2 0 1 2 1 2 1 0 0 1 1 2 0 1 2 0 1 2 2 1 1 1 0 0 1 0 2 1 0 1 2 1 1 0 1 2 1 1 1 1 2 1 2 2 2 0 2 1 1 0 0 2 0 0 2 0 0 1 2 2 2 0 2 1 0 1 2 2 2 0 0 0 0 0 0 0 2 0 0 2 1 0 1 1 1 0 1 1 0 2 1 0 0 2 0 0 1 1 1 0 0 0 1 1 2 2 0 1 0 1 1 0 2 1 2 2 2 2 0 2 2 1 2 2 0 0 1 0 2 2 2 0 2 0 0 0 1 1 1 0 0 2 0 1 0 1 2 0 2 1 1 2 0 0 0 2 0 0 1 1 0 2 2 0 2 0 2 1
1 2 2
268:
1 2 0 2 2 1 0 0 0 2 2 1 1 0 1 2 0 1 0 1 1 1 1 0 0 2 0 2 1 2 0 1 1 0 2 0 2 0 2 0 2 2 1 0 1 0 0 0 2 0 2 2 0 1 0 2 2 2 0 1 0 2 1 0 1 2 1 0 2 1 1 0 2 0 2 2 2 2 0 2 2 1 2 2 1 0 0 0 2 2 2 2 2 1 2 2 1 2 1 0 0 1 1 0 2 0 0 0 2 1 2 2 0 2 0 2 1 0 0 0 1 0 1 1 0 1 2 2 2 2 0 1 1 2 2 0 1 0 1 2 1 1 1 1 0 1 2 1 2 2 0 0 1 1 0 2 1 1 2 1 2 2 1 0 0 2 2 1 0 1 1 1 1 0 1 0 1 1 0 1 2 0 0 0 0 2 2 0 2 0 1 0 2 0 2 2 1 1 1 1 2 2 0 0 2 2 2 0 2 2 0 2 0 1 0 1 0 1 2 1 1 0 0 1 2 0 1 1 0 0 2 2 0 1 0 1 2 0 0 2 2 1 2 0 2 1 2 2 1 1 2 0 2 1 1 2 0 1 0 2 2 2 1 1 2 2 0 1 0 2 2 1 0 2 1 0 0 1 0 0 1
1 0 1
269:
0 0 1 0 0 2 0 0 2 1 2 2 1 2 0 1 2 1 2 2 2 2 2 2 2 2 2 0 2 1 2 1 1 1 2 2 0 2 0 0 2 1 0 0 1 2 0 2 2 2 1 2 0 1 2 1 0 2 2 2 2 2 0 1 1 2 2 0 1 1 2 0 2 2 2 0 2 0 2 1 0 1 2 1 0 1 2 0 2 0 1 1 1 2 2 2 1 2 1 2 0 2 1 2 0 0 1 0 2 1 0 2 1 1 2 2 2 2 1 0 1 0 2 0 1 1 1 1 1 1 1 0 2 1 2 0 2 0 0 2 0 0 2 0 2 0 0 1 0 2 2 1 1 1 2 1 1 1 2 0 2 1 0 0 0 1 1 2 0 1 2 1 1 2 1 1 0 1 0 2 2 1 2 2 0 1 1 0 2 2 1 0 1 1 1 2 1 2 0 0 0 2 2 1 0 0 1 1 2 2 2 1 2 2 2 2 2 2 1 0 2 2 2 2 0 0 2 2 2 2 0 1 0 2 0 1 1 0 2 0 2 0 1 2 0 2 0 0 0 1 0 2 2 0 2 1 2 0 1 0 0 1 0 2 0 1 0 0 1 0 2 1 2 1 0 2 0 1 0 0 2 2
0 0 1
270:
2 2 1 0 0 1 2 1 1 2 0 1 1 0 1 1 2 0 1 1 0 0 0 1 2 0 0 2 1 2 0 0 0 1 0 1 2 1 1 1 1 1 0 1 1 1 0 1 1 0 1 2 1 1 1 1 1 0 2 1 2 1 2 0 0 1 1 1 1 0 2 1 2 2 2 2 0 0 0 1 1 1 2 1 2 2 0 2 0 0 1 2 0 0 1 2 2 2 2 2 2 1 0 0 1 2 0 0 1 1 0 1 0 1 2 2 2 1 0 2 2 1 2 0 0 0 1 0 2 2 0 0 1 0 1 0 2 2 2 2 0 1 2 2 0 2 1 2 0 0 0 1 0 1 2 1 2 0 2 1 1 0 2 1 2 1 0 0 2 0 0 1 0 2 0 0 2 0 1 0 2 0 0 1 1 1 0 1 2 0 0 2 2 2 2 1 0 2 0 1 0 1 2 2 1 0 0 1 1 2 1 0 2 2 1 2 2 2 0 2 0 2 1 0 2 0 0 0 1 0 0 2 1 0 0 0 2 0 0 0 1 2 1 0 1 0 2 1 1 1 0 1 2 1 0 1 2 0 2 1 1 1 0 0 2 2 0 1 2 0 0 0 2 0 1 1 0 1 1 2 1 2 2
2 2 0
271:
0 1 1 0 0 2 1 2 1 1 0 1 0 0 2 1 2 2 2 2 2 2 2 0 2 0 0 0 0 1 0 2 1 2 0 0 2 0 2 0 2 2 2 2 0 0 2 2 0 1 2 1 0 2 2 0 1 2 0 1 0 0 0 2 0 1 2 0 0 1 0 2 1 1 1 2 2 1 0 1 0 0 0 1 1 1 1 2 1 2 0 0 2 2 0 2 1 2 0 2 0 0 1 2 1 2 1 1 0 2 1 0 1 1 1 0 2 1 2 1 1 1 0 2 2 1 0 0 2 1 2 1 0 1 2 2 2 1 2 0 0 2 0 1 2 0 0 0 0 2 2 0 0 1 0 1 1 0 0 2 1 1 1 0 0 2 0 1 1 1 2 1 2 0 0 0 0 2 2 1 2 2 1 0 0 0 1 1 1 0 0 0 2 2 2 0 1 1 0 2 1 1 0 1 0 1 2 0 1 2 1 0 1 2 0 0 0 2 1 0 1 2 0 0 2 2 1 1 2 1 0 1 1 2 2 1 1 2 2 1 0 2 0 1 1 2 2 1 1 0 0 0 0 2 1 2 2 0 1 0 1 0 1 2 1 2 1 1 2 1 1 1 2 2 2 1 0 2 2 2 0 2 0 1
0 2 0
272:
0 2 1 1 1 1 0 1 2 1 2 2 1 2 0 2 2 1 2 0 0 1 2 1 0 1 0 2 2 0 0 2 0 1 0 1 1 1 2 0 1 1 1 1 0 0 1 1 0 0 0 0 2 1 2 2 2 1 2 2 2 0 0 2 0 0 0 1 0 2 0 1 2 1 1 1 1 0 0 1 2 2 1 1 2 0 2 2 1 1 2 0 2 1 0 0 1 2 2 0 2 0 0 1 1 2 1 1 2 0 2 1 1 0 1 2 0 1 0 2 2 1 1 1 2 2 2 2 1 2 1 1 2 2 0 0 2 2 0 1 0 0 0 0 2 0 2 0 0 0 2 0 1 2 1 2 0 2 0 1 2 1 1 0 0 0 0 2 1 1 1 1 2 1 0 0 0 1 2 1 2 1 0 2 2 0 0 0 2 2 1 1 1 1 0 2 0 2 0 2 0 2 2 0 0 0 2 2 0 2 2 2 2 1 1 1 1 2 0 0 1 1 0 1 0 0 2 2 1 0 1 0 1 2 1 2 0 2 2 1 0 2 2 1 1 0 1 0 2 2 1 1 1 2 1 1 0 2 0 2 1 1 2 0 0 0 0 2 2 1 0 0 0 0 2 2 0 2 1 0 1 0 0 1 0
2 1 2
273:
2 0 2 0 1 2 2 0 2 1 1 1 2 0 0 0 1 1 2 0 1 1 2 0 2 0 1 2 0 0 2 2 2 0 0 1 0 2 0 2 1 2 1 0 1 1 0 0 1 1 1 1 0 0 2 1 2 1 2 1 0 1 0 2 0 1 0 0 1 1 2 2 2 2 2 1 0 2 2 1 2 2 1 0 2 0 0 0 2 0 0 1 0 0 1 0 1 2 1 1 2 0 1 0 0 1 0 1 1 2 0 0 1 1 2 1 0 1 2 1 2 0 2 0 0 1 1 1 2 2 2 2 2 2 1 2 0 1 2 1 1 0 2 0 2 0 2 2 2 2 2 0 0 1 2 0 0 1 1 1 0 2 0 1 0 0 0 2 0 1 0 0 1 1 0 1 2 0 0 0 0 2 0 2 1 2 1 2 2 1 1 2 2 2 2 1 2 1 0 2 2 0 0 0 0 2 1 2 0 0 2 0 1 1 1 2 0 2 0 0 2 0 2 1 1 0 0 2 1 2 1 2 0 0 1 1 0 0 2 1 2 0 0 2 2 1 2 1 0 1 2 1 2 1 2 0 1 0 2 1 2 2 2 0 0 1 0 1 1 0 2 1 1 0 2 2 2 1 1 1 0 0 1 2 1 1
0 0 1
274:
1 0 0 1 0 2 0 1 0 0 1 1 2 1 1 1 1 0 1 1 1 1 0 0 1 1 1 0 0 0 2 0 0 0 2 2 2 0 0 1 2 0 1 1 1 2 2 0 0 1 1 2 1 1 0 0 0 0 1 2 0 1 2 1 0 2 0 1 0 0 2 0 0 0 0 0 0 0 2 0 0 2 1 0 0 1 1 1 1 0 0 1 0 2 2 1 2 0 2 2 2 2 1 2 1 0 2 0 0 1 2 1 0 0 0 1 2 0 0 0 2 1 2 0 0 0 2 0 0 0 0 0 1 2 1 0 1 0 0 2 1 0 2 1 0 1 1 2 1 1 1 1 2 1 1 2 1 1 0 1 0 2 2 2 1 2 0 0 1 2 0 0 0 2 2 2 0 1 2 1 2 2 1 0 1 2 1 1 0 1 0 2 2 2 1 1 1 1 2 0 1 1 0 1 2 0 1 1 0 0 0 0 0 2 0 2 2 1 2 1 0 2 0 2 2 2 0 1 1 0 1 2 1 0 0 2 1 0 2 0 0 1 0 2 0 0 1 0 0 1 0 0 0 0 2 0 1 0 2 0 2 2 0 0 0 2 2 0 0 2 1 2 0 0 2 0 1 2 2 1 1 0 0 1 1 0 1
0 0 2
275:
2 0 2 1 0 2 1 2 2 2 1 2 2 0 1 2 1 0 1 0 0 1 1 1 1 1 2 2 2 1 2 1 1 0 0 1 1 1 0 2 0 2 2 2 1 1 2 1 0 0 2 0 2 1 1 2 1 2 0 2 0 0 2 2 2 2 2 2 0 2 0 0 0 2 2 1 2 2 1 2 0 1 0 1 1 1 1 1 2 2 2 0 0 1 1 2 0 0 0 1 2 2 1 1 2 1 1 0 1 1 0 2 1 0 0 1 2 2 2 2 0 0 0 2 0 0 1 2 2 2 1 2 2 2 2 0 2 1 1 1 0 2 2 2 0 1 1 0 0 1 2 1 2 1 0 0 1 2 2 1 2 2 0 0 1 1 1 0 1 0 1 0 1 0 0 2 2 0 2 1 1 0 1 0 2 2 2 2 2 0 0 0 2 2 2 1 2 1 1 1 2 0 0 2 1 1 0 0 0 0 1 2 1 0 2 0 0 1 2 0 0 1 2 2 1 2 1 0 1 1 0 0 0 2 2 2 1 2 1 0 0 2 2 2 1 2 0 1 2 1 0 0 1 1 1 0 1 1 0 0 1 2 2 0 1 0 2 1 1 0 0 1 0 0 1 1 0 1 0 0 2 2 2 2 1 1 0 2
0 2 2
276:
0 0 1 0 0 2 1 1 1 1 2 0 1 1 2 1 0 0 0 0 1 0 0 0 0 2 2 1 2 1 1 0 1 2 0 0 0 2 0 0 2 1 1 1 1 2 0 1 0 1 1 0 2 1 2 2 1 2 1 0 2 2 0 1 1 0 1 2 1 2 0 0 2 2 0 1 2 0 1 0 0 2 1 2 1 1 2 1 2 1 1 2 1 2 2 1 2 2 0 0 1 2 1 2 1 0 0 0 0 2 2 2 1 1 2 1 1 1 2 2 2 0 0 0 2 1 0 2 2 0 0 2 1 1 1 1 1 0 0 1 1 1 1 2 2 2 2 2 1 1 0 2 1 1 1 1 1 1 2 1 1 0 1 0 2 2 2 2 0 0 1 2 1 0 2 2 1 2 2 1 2 0 0 2 0 1 2 2 0 0 0 0 0 0 0 0 2 0 1 2 2 0 1 0 0 0 1 1 1 2 2 2 2 0 1 2 2 0 0 1 1 2 2 0 1 2 0 0 1 0 1 2 0 1 0 1 0 2 2 0 0 0 2 1 2 0 0 1 1 2 1 1 2 2 0 1 1 1 0 1 2 2 0 1 2 2 0 2 2 0 0 0 1 2 1 0 2 0 2 1 1 2 2 1 1 1 2 0 0
2 1 2
277:
0 1 0 1 2 1 1 2 2 0 0 2 1 2 1 0 2 1 0 1 0 1 0 1 0 0 1 1 1 0 0 2 2 1 2 0 0 1 2 1 0 2 1 2 2 0 0 0 0 0 1 2 1 2 1 0 2 2 1 0 0 2 0 0 2 2 2 2 1 1 1 0 0 2 0 0 0 0 0 0 0 2 0 2 2 0 0 2 1 1 2 1 2 1 1 0 2 1 2 2 2 0 1 0 2 0 1 0 2 1 2 1 1 2 0 1 1 2 0 1 2 2 1 0 2 0 2 1 0 2 2 2 2 0 2 0 2 1 1 0 0 2 0 2 0 1 2 1 0 0 2 0 0 0 1 0 1 1 2 0 0 2 2 0 1 0 1 0 2 2 1 2 0 0 2 2 0 1 2 0 2 2 1 0 0 2 1 1 1 2 1 2 1 2 2 0 2 0 0 0 1 2 0 0 2 1 2 2 1 1 2 0 0 0 1 1 1 1 0 2 1 1 2 0 0 2 0 0 2 2 1 0 1 1 2 2 1 0 2 0 0 0 1 2 0 2 1 1 2 2 0 0 2 1 1 1 0 2 1 0 1 2 0 0 0 2 1 1 2 2 2 2 1 0 1 2 2 0 0 2 0 2 0 0 1 2 0 1 0 0
0 0 1
