Base:
0:
0 4 3 0 1
1 1 3 0 0
1:
3 2 4 2 0 4
4 2 0 1 2
2:
4 1 4 0 0 0 0
4 0 4 2 2
3:
3 0 1 2 0 4 4 0
4 1 4 0 1
4:
0 2 1 3 0 4 0 1 1
3 4 4 4 2
5:
1 3 3 2 3 3 1 0 0 2
3 3 1 4 4
6:
4 1 4 1 3 2 0 1 1 1 3
1 4 3 4 1
7:
0 0 1 4 2 2 2 1 0 4 3 1
1 0 1 1 4
8:
4 4 0 0 4 4 3 2 3 4 4 4 0
0 0 2 3 2
9:
3 2 0 2 2 1 0 4 2 1 3 3 4 4
4 1 2 4 1
10:
1 4 4 0 1 0 0 0 0 3 4 2 2 4 3
0 2 4 4 4
11:
4 0 3 3 1 2 2 0 2 3 4 0 0 1 3 2
4 4 0 2 2
12:
3 3 3 0 1 2 3 3 2 3 3 1 0 2 1 2 0
3 1 4 1 3
13:
1 1 1 4 3 1 4 2 2 0 4 1 2 0 2 3 3 3
4 2 4 0 1
14:
4 0 0 3 3 0 2 0 0 0 4 3 0 3 2 3 4 3 4
3 1 4 0 2
15:
1 1 4 4 2 0 0 0 1 4 0 2 4 0 3 1 1 2 0 1
2 4 3 4 0
16:
3 1 1 4 4 0 3 2 4 3 4 3 1 0 3 4 0 1 2 0 2
2 1 1 4 0
17:
3 2 3 4 1 2 0 1 3 0 2 1 2 2 1 3 3 3 2 2 0 1
0 4 1 4 2
18:
2 2 3 3 4 3 0 3 4 3 4 4 4 4 2 4 0 1 3 3 1 3 2
4 0 1 1 1
19:
1 4 4 3 4 1 1 3 2 1 2 3 3 2 2 2 0 4 1 0 1 4 4 4
2 0 4 4 0
20:
1 0 3 1 3 1 0 0 4 4 2 1 4 3 1 2 2 3 4 2 0 2 2 4 3
1 2 2 0 4
21:
1 1 3 0 3 3 3 0 0 3 3 3 0 2 4 3 1 1 4 0 2 3 1 2 4 4
3 1 3 1 3
22:
2 3 1 2 2 4 0 4 3 4 1 0 0 0 3 2 1 0 2 2 4 4 1 0 0 4 1
0 3 1 1 1
23:
0 2 1 2 0 4 4 3 4 3 2 0 0 1 2 1 1 0 0 3 0 0 1 3 4 1 4 0
1 3 3 0 0
24:
3 0 4 3 2 4 0 1 3 0 0 0 3 0 4 4 4 3 4 4 3 3 2 1 4 3 0 0 0
3 2 4 4 2
25:
3 3 3 1 3 2 0 2 4 3 1 0 0 3 1 2 1 2 3 4 3 4 0 2 1 4 4 3 3 2
4 0 4 3 0
26:
3 0 4 4 0 0 4 0 0 3 4 0 2 4 0 2 1 2 4 1 3 0 2 1 4 0 3 1 1 2 0
3 2 3 3 3
27:
2 4 2 3 0 2 1 3 4 4 2 4 4 3 3 4 0 0 3 3 3 4 0 2 1 2 3 0 1 3 4 2
2 4 2 1 1
28:
0 0 2 0 2 3 0 3 4 1 2 0 4 0 0 0 4 4 0 3 3 4 2 0 2 4 1 2 3 1 4 2 2
2 3 0 2 1
29:
0 0 1 4 1 0 4 4 4 4 2 2 1 4 0 0 1 0 2 1 2 2 2 2 2 2 3 0 2 3 4 3 2 3
2 3 0 3 4
30:
1 0 1 1 3 1 2 4 0 4 2 2 3 2 0 1 0 2 3 2 2 0 0 3 2 4 1 3 2 0 2 1 3 2 0
4 0 1 0 0
31:
3 1 4 0 4 2 3 2 0 3 3 0 1 2 4 2 3 0 4 0 0 1 3 2 4 0 2 1 0 1 3 2 4 3 3 0
0 2 4 0 1
32:
4 2 4 1 4 1 0 1 0 0 2 4 4 0 4 1 1 3 2 3 4 3 4 4 4 1 0 2 0 2 0 3 2 4 0 4 2
4 0 4 2 4
33:
0 1 3 4 1 1 4 4 3 3 4 4 2 1 1 2 3 0 0 3 2 4 4 2 4 3 3 4 3 1 2 1 3 1 1 0 3 2
2 0 2 2 1
34:
3 3 4 4 0 0 0 3 0 4 3 3 0 1 4 2 2 4 1 4 1 1 1 4 3 4 1 0 0 3 4 1 2 4 1 1 4 0 4
2 3 2 2 3
35:
2 3 0 1 3 2 4 3 4 0 4 3 1 1 3 3 0 0 4 1 3 3 1 4 4 3 2 2 3 3 4 1 0 2 2 1 0 3 0 3
4 3 2 2 4
36:
0 3 4 4 2 0 0 1 2 0 0 1 0 0 1 2 4 1 0 3 3 3 2 3 0 2 4 2 1 3 1 0 2 3 4 0 1 2 3 0 0
1 3 4 3 4
37:
3 4 2 0 4 1 2 3 0 4 4 3 4 3 2 4 0 0 0 1 2 2 3 2 1 2 2 1 1 2 1 1 2 2 0 3 0 2 3 4 4 4
3 1 2 0 0
38:
0 1 4 1 4 4 0 3 3 2 2 0 1 3 1 1 2 2 4 2 4 1 2 1 4 2 3 2 4 3 4 0 4 1 0 4 2 4 1 2 2 3 2
0 4 1 1 3
39:
2 1 0 1 0 3 0 1 4 0 3 2 1 0 3 0 0 4 2 3 1 3 4 0 3 1 2 3 4 2 2 0 1 0 3 1 2 1 3 4 0 2 0 1
4 2 3 3 3
40:
0 3 4 0 0 0 2 4 2 2 0 2 3 1 0 4 0 2 3 2 4 0 2 1 4 2 2 3 0 0 2 1 0 1 3 1 2 0 4 0 0 4 2 4 3
4 1 4 4 4
41:
3 3 1 1 1 2 1 3 3 3 1 0 2 0 3 0 1 2 1 1 1 2 3 4 2 3 3 2 1 3 4 2 2 2 3 3 4 3 3 2 0 1 4 2 0 0
4 2 4 2 0
42:
4 1 0 1 3 4 0 1 3 3 4 0 1 0 1 1 3 4 0 2 0 3 0 0 1 3 0 0 1 4 0 4 1 3 1 2 4 1 1 2 0 3 0 2 4 3 0
0 0 0 2 2
43:
0 2 0 4 4 1 2 0 3 4 0 2 4 4 0 4 4 4 2 1 2 4 1 3 1 4 4 1 1 2 3 4 0 4 0 3 1 0 2 0 0 2 2 2 4 4 3 2
1 4 2 3 2
44:
2 4 1 0 3 2 0 1 0 4 4 3 3 2 0 2 1 2 4 0 3 1 2 2 1 3 2 3 0 0 3 1 4 0 0 1 0 1 1 3 3 1 1 1 2 0 2 3 2
1 3 4 0 3
45:
2 1 0 3 3 4 3 4 3 1 0 4 4 0 4 0 0 0 3 3 0 1 2 4 1 0 3 2 1 2 4 2 3 3 0 2 3 4 4 4 4 2 4 1 0 0 3 2 3 2
0 1 0 1 4
46:
2 4 0 4 1 1 4 1 2 0 4 3 0 3 0 1 4 0 0 0 4 4 1 1 3 2 2 4 3 1 0 4 1 3 1 0 2 4 3 2 1 1 1 3 0 3 2 1 2 4 3
4 0 4 1 3
47:
1 0 0 1 1 2 4 0 4 3 0 2 3 0 4 3 1 0 4 2 1 4 2 1 2 1 4 2 1 1 0 3 4 0 0 4 1 4 4 2 0 3 2 3 1 3 3 4 2 4 2 1
3 2 2 2 1
48:
2 1 4 1 3 2 1 3 2 0 1 0 3 4 0 3 1 3 0 3 4 1 3 0 1 2 1 4 4 1 4 4 3 0 1 3 3 0 3 4 4 1 1 1 3 3 0 3 1 3 3 0 3
0 1 4 0 2
49:
2 4 3 3 1 1 1 4 2 1 3 2 3 2 3 2 3 1 4 1 2 4 3 3 3 4 4 1 1 0 1 0 0 1 0 0 0 3 0 4 1 0 2 2 3 0 2 2 3 3 2 2 0 1
1 1 2 0 4
50:
4 2 2 2 2 4 0 2 3 2 2 1 4 2 3 0 3 4 2 3 2 0 3 4 0 4 2 2 1 3 4 1 2 3 0 1 3 3 1 0 2 3 3 2 0 2 3 0 3 0 1 4 3 1 1
3 3 2 1 0
51:
3 3 4 2 0 3 0 1 2 3 2 3 2 1 0 4 3 3 0 3 2 4 3 1 2 1 2 2 3 1 2 1 2 0 3 1 4 4 3 4 1 0 0 0 0 3 2 4 0 3 1 3 2 1 1 2
3 1 2 1 4
52:
1 1 3 4 0 2 3 2 0 3 0 0 4 4 1 3 4 1 2 3 2 0 0 0 0 3 4 0 0 3 2 0 1 1 0 1 1 3 3 2 1 3 1 0 4 1 2 2 0 1 0 1 4 0 4 0 3
4 0 0 4 2
53:
4 3 4 4 0 1 4 2 2 3 1 2 4 1 1 1 3 0 4 3 3 0 4 4 1 4 0 1 4 0 1 3 4 3 2 2 2 4 0 4 1 1 2 4 4 1 1 3 0 2 1 3 0 4 1 3 4 3
2 0 4 2 2
54:
0 0 3 2 3 1 0 1 0 4 1 4 4 3 2 0 0 3 3 1 4 1 0 1 2 4 2 3 0 0 0 0 1 2 4 4 4 2 0 1 4 1 2 1 4 2 1 3 2 1 0 2 3 4 1 1 2 0 0
4 3 3 4 2
55:
3 1 0 3 1 1 1 3 2 4 2 1 3 4 2 1 1 2 1 2 3 1 0 4 4 0 0 1 1 1 3 1 4 4 1 4 3 0 0 4 2 2 2 4 3 1 4 3 4 1 2 3 0 4 1 2 1 1 2 0
4 4 4 4 3
56:
0 4 4 2 4 1 2 4 4 1 4 2 0 1 1 2 4 3 1 3 2 2 3 3 1 4 3 2 3 1 0 1 1 2 3 0 0 2 4 2 1 0 2 2 0 2 0 3 1 0 1 1 1 0 0 4 0 1 0 4 4
4 2 2 3 2
57:
4 3 4 1 4 2 4 1 1 2 4 4 4 3 1 3 4 1 1 2 4 3 3 3 3 2 4 1 2 4 0 2 0 2 4 0 1 1 0 1 4 3 3 4 4 4 1 0 0 3 3 1 0 4 1 3 2 1 0 4 1 3
4 0 2 0 2
58:
0 3 2 2 4 2 4 4 4 0 3 4 4 4 1 1 2 2 0 1 3 3 0 2 0 2 2 4 3 4 2 2 4 0 4 1 4 3 3 1 0 0 0 0 1 2 0 2 2 0 0 4 0 1 3 3 4 0 1 4 2 2 4
3 4 0 3 0
59:
4 0 1 0 0 1 4 2 1 3 3 1 2 4 3 1 0 4 2 1 4 1 1 4 0 2 4 3 4 1 3 2 0 1 1 1 0 1 3 4 2 4 3 2 3 3 4 4 3 0 3 3 0 0 2 2 1 3 2 3 0 3 4 2
1 3 3 0 0
