Base:
0:
1 0 2 1 2 2 2
0 1 0
1:
1 0 2 0 1 2 1 2
0 0 1
2:
0 2 2 1 0 2 2 1 1
1 0 1
3:
1 1 0 1 1 0 0 1 0 0
1 2 1
4:
2 0 1 1 2 2 1 0 2 2 2
1 2 2
5:
2 0 1 0 2 1 2 2 2 2 1 2
1 1 2
6:
2 0 1 1 2 1 0 1 1 0 1 2 2
0 0 2
7:
0 1 2 0 2 0 0 2 2 0 2 1 0 1
2 0 2
8:
1 2 1 0 2 0 1 1 0 2 2 0 2 1 0
0 2 0
9:
1 2 0 1 1 0 0 2 2 0 0 2 2 1 1 2
2 0 0
10:
2 0 2 2 2 1 2 0 1 1 2 0 1 0 1 1 0
1 0 1
11:
0 2 1 1 1 2 2 0 2 1 1 2 0 2 2 1 2 1
1 0 1
12:
1 0 1 0 1 2 0 2 1 0 1 1 0 1 2 2 0 0 1
0 1 1
13:
2 1 1 2 1 1 0 0 0 1 0 0 2 0 0 2 0 1 0 2
0 1 0
14:
0 2 2 1 2 1 1 1 0 0 2 2 0 0 0 2 1 1 0 1 1
1 1 0
15:
2 2 2 2 2 2 2 1 0 0 2 1 0 0 0 1 1 0 0 2 0 1
0 1 1
16:
2 0 2 0 0 1 0 1 0 1 2 0 1 0 1 0 2 2 0 0 1 1 0
2 0 2
17:
2 0 0 1 2 1 0 0 1 2 2 1 0 1 2 1 2 0 1 0 2 0 0 0
1 0 0
18:
1 2 1 0 1 0 0 1 1 0 1 2 1 1 2 0 1 0 1 2 1 1 1 1 0
1 0 0
19:
1 2 0 0 1 0 0 2 1 1 0 1 1 0 0 0 2 2 0 1 0 2 2 0 1 1
1 0 1
20:
2 2 0 2 0 0 1 1 1 2 0 2 1 0 1 0 1 2 0 0 0 0 1 1 2 1 0
1 2 2
