Base:
0:
2 3 0 3 2 0
4 3 2 1 3
1:
1 3 3 3 3 4 4
3 0 4 1 0
2:
0 1 4 0 1 2 4 1
3 1 0 0 3
3:
2 3 2 4 4 1 1 4 3
4 0 4 4 3
4:
4 3 1 3 2 4 1 1 2 1
4 3 2 3 3
5:
4 1 0 3 3 3 0 1 4 1 4
3 0 0 0 1
6:
0 1 0 0 4 3 3 2 2 2 0 1
2 4 0 0 1
7:
2 4 2 1 3 1 0 4 3 4 1 2 4
1 1 3 4 3
8:
4 0 3 1 0 4 3 3 3 2 2 2 2 4
1 1 1 1 0
9:
3 4 4 3 4 4 0 1 4 1 2 0 0 3 0
0 2 3 3 4
10:
3 0 2 2 3 1 2 4 1 0 0 2 2 0 0 0
3 4 3 1 1
11:
1 2 3 1 4 0 1 1 4 3 4 2 1 0 1 3 0
1 1 2 1 1
12:
3 4 3 2 2 0 3 1 0 0 1 2 0 3 2 0 1 0
1 1 2 2 1
13:
2 0 1 1 0 4 1 0 1 3 4 4 1 2 4 3 0 1 3
3 3 2 2 0
14:
2 3 2 3 3 3 0 3 3 4 3 1 4 2 3 2 4 2 1 0
4 3 3 3 4
15:
3 1 4 3 2 4 2 1 0 0 3 0 1 3 4 4 3 4 3 3 0
4 1 4 3 2
16:
1 1 1 3 3 4 0 0 4 1 2 4 2 3 1 1 1 3 4 1 4 1
4 1 0 1 1
17:
0 1 1 1 3 4 0 3 4 2 2 0 3 3 2 4 4 0 3 3 2 1 4
4 2 0 4 1
18:
2 3 2 3 4 4 1 4 0 1 0 4 1 3 4 1 0 3 2 3 0 0 2 3
2 4 4 4 3
19:
1 4 1 4 2 0 0 4 0 1 0 2 3 2 2 3 0 0 0 0 1 1 2 3 2
1 1 3 2 2
20:
0 3 2 4 3 4 2 0 3 4 2 3 0 1 3 1 0 0 1 0 3 4 2 4 1 2
4 2 3 3 3
21:
4 3 2 1 4 3 3 1 1 4 0 3 3 1 1 4 4 0 3 4 3 3 3 4 2 1 0
2 1 4 4 4
22:
1 2 2 4 0 4 4 0 2 0 3 2 3 0 2 3 1 1 4 4 2 0 3 0 1 0 0 0
2 3 1 0 4
23:
2 4 0 2 3 2 1 3 3 3 2 2 4 2 1 2 3 4 2 4 4 4 0 2 3 0 2 4 0
1 4 1 4 3
24:
4 1 1 1 1 2 0 3 1 3 4 2 0 1 2 2 4 4 0 0 4 0 3 1 2 2 3 2 4 4
2 0 1 2 0
25:
3 2 0 2 4 2 4 1 1 2 1 1 1 4 3 2 1 0 0 0 2 0 2 1 4 1 3 3 3 2 2
0 2 4 3 4
26:
2 1 1 2 0 3 4 4 0 4 4 3 3 1 0 1 1 2 2 4 2 1 2 1 4 4 2 4 1 2 2 3
2 2 4 3 0
27:
1 4 2 1 3 1 0 1 1 0 0 2 1 3 2 3 3 3 1 3 0 4 3 3 4 1 4 3 3 1 1 3 1
1 3 2 0 2
28:
1 0 1 4 1 1 1 2 0 1 4 1 3 3 2 1 1 2 4 2 3 2 3 1 1 0 2 0 0 1 2 3 0 4
4 0 0 0 1
29:
0 3 3 1 2 4 4 0 1 0 4 0 1 4 2 4 2 1 0 0 3 2 0 0 3 4 3 0 2 0 4 1 0 2 4
3 4 1 2 2
30:
0 0 0 4 2 3 4 0 4 1 0 2 0 3 1 1 0 3 4 2 3 2 2 3 3 3 4 4 2 0 3 0 1 3 0 1
2 0 3 2 0
31:
3 2 3 1 1 3 4 0 2 0 3 3 2 2 1 1 0 3 2 4 3 3 4 2 4 1 2 3 0 2 2 4 2 3 2 1 1
0 1 3 2 1
32:
4 0 0 0 1 2 0 0 2 0 4 0 3 0 2 4 0 4 3 0 1 1 4 3 2 3 2 2 0 0 3 0 0 0 1 3 0 2
0 3 0 4 2
33:
1 2 0 3 4 0 0 1 2 1 0 0 0 0 4 3 0 0 3 2 2 1 0 4 2 4 1 4 3 4 3 2 1 2 3 1 0 1 4
1 3 3 3 0
34:
0 4 4 4 4 4 3 0 0 1 4 1 0 2 3 3 0 2 1 0 4 2 3 1 4 2 3 4 3 4 3 2 3 2 2 1 2 3 1 0
1 3 1 0 2
35:
3 4 4 0 1 3 1 1 1 1 0 1 4 4 1 0 4 4 0 3 4 4 1 1 3 3 4 1 1 0 4 3 0 0 1 4 0 2 0 0 4
0 0 3 4 0
36:
2 1 3 1 2 2 0 1 4 4 0 2 2 4 4 1 0 1 2 2 3 3 3 2 3 2 3 2 1 3 0 4 1 0 1 2 3 3 3 1 2 3
3 4 4 0 4
37:
1 4 1 3 3 4 4 2 4 3 3 3 3 1 0 0 1 3 2 3 1 1 0 2 0 4 4 1 2 2 1 1 4 1 0 3 3 2 1 0 0 4 2
0 3 1 1 4
38:
1 0 1 1 2 0 2 3 1 2 3 3 2 2 1 1 2 0 2 4 1 3 0 4 4 1 0 0 2 3 4 0 1 4 4 2 4 4 0 1 4 1 1 0
3 4 3 1 3
39:
4 2 0 1 2 1 4 4 4 3 2 0 3 3 0 2 3 3 2 0 1 1 0 0 2 2 1 3 1 3 1 0 4 4 1 4 1 1 4 0 1 2 3 2 0
3 2 0 1 3
40:
1 1 0 0 2 2 4 2 2 3 3 0 0 2 4 2 2 2 2 4 2 2 3 3 1 3 0 1 1 1 1 4 0 4 0 0 1 3 4 2 3 3 1 2 4 3
1 1 0 0 3
41:
0 3 1 1 2 2 4 1 3 0 4 2 0 0 3 3 4 4 2 3 1 0 3 2 2 0 3 3 1 1 0 3 2 4 0 3 0 2 0 4 2 0 2 0 2 3 0
0 4 1 1 0
42:
3 0 0 0 0 3 3 4 0 3 1 4 0 3 0 2 1 0 3 1 0 0 3 1 0 1 0 0 0 2 2 1 3 0 3 2 1 1 4 2 0 4 4 0 3 1 3 4
3 3 4 3 1
43:
1 3 2 3 1 4 4 0 2 0 3 4 2 1 4 1 3 2 1 3 1 4 2 1 2 3 2 0 2 3 0 4 1 1 1 0 2 0 4 2 1 0 0 0 2 3 4 2 3
4 0 2 0 0
44:
2 2 0 4 3 2 1 3 4 4 4 0 2 3 3 4 3 1 0 2 2 4 0 0 3 1 1 4 4 0 4 4 2 1 0 3 2 0 0 1 0 4 2 1 2 3 3 2 3 3
3 1 1 2 3
45:
3 2 2 4 1 4 3 0 4 3 1 0 0 4 0 3 4 1 3 3 4 3 3 2 3 0 3 2 2 4 4 1 1 3 1 1 3 0 1 0 2 3 1 4 3 1 3 0 2 2 3
0 3 3 3 3
46:
1 3 2 3 1 2 0 3 0 0 0 3 2 0 4 4 3 1 3 2 0 4 2 4 1 2 0 3 3 3 4 4 4 3 4 2 0 3 2 1 0 1 3 4 0 2 3 1 2 0 4 1
4 3 2 4 4
47:
0 1 1 1 1 4 1 3 2 4 0 1 0 3 4 0 4 4 4 2 2 0 1 0 0 0 4 3 1 2 2 3 2 0 2 4 2 2 3 0 3 0 2 2 3 3 1 2 4 4 2 3 2
3 1 1 1 3
48:
0 4 0 3 3 1 0 3 3 3 3 4 0 2 0 3 4 3 2 1 4 3 2 1 3 3 0 2 3 4 4 0 0 1 4 4 0 0 4 4 3 0 4 3 0 2 0 1 2 1 2 3 4 1
4 2 4 0 0
49:
4 4 0 2 2 2 0 4 0 3 3 0 1 2 4 0 3 4 3 4 3 4 4 2 3 3 4 3 3 1 1 1 3 4 1 0 4 3 2 0 4 3 1 3 0 4 1 0 3 4 0 3 4 3 2
1 2 1 0 2
50:
2 3 4 3 1 3 4 2 2 2 3 0 2 0 0 1 3 4 0 2 2 2 2 1 3 1 0 4 4 4 2 0 1 1 2 4 3 1 0 3 4 4 1 4 4 0 0 4 4 3 1 2 3 4 4 2
1 2 3 4 2
51:
0 4 4 4 3 4 4 2 1 4 4 0 3 1 1 1 2 4 1 0 3 4 4 3 4 3 2 2 1 0 0 3 2 0 4 2 0 2 1 2 0 1 2 0 3 3 0 4 2 3 2 2 4 4 0 1 3
4 4 4 3 4
52:
2 0 4 4 0 3 2 3 2 3 2 0 4 1 0 0 4 0 1 1 0 3 4 3 1 4 0 3 4 3 2 1 4 4 1 3 2 2 3 3 4 3 4 3 4 3 3 3 1 3 2 0 4 0 1 2 0 4
3 4 0 1 4
53:
3 0 4 4 4 1 2 1 3 3 2 2 4 3 1 1 1 2 0 2 4 4 1 3 3 1 4 1 2 1 4 1 1 0 3 1 0 3 2 4 4 0 3 2 4 3 3 0 3 2 0 4 2 2 2 4 0 4 2
2 2 3 4 4
54:
0 2 3 0 1 3 2 2 1 1 3 4 2 0 2 2 4 3 4 3 4 3 4 1 4 2 1 1 1 2 0 1 1 2 3 4 4 0 2 1 0 4 2 2 1 1 1 2 3 4 4 0 3 0 4 1 2 0 4 0
4 2 0 4 2
55:
3 3 0 3 4 1 4 1 1 2 4 1 3 2 2 0 0 3 2 1 4 0 0 2 0 1 4 4 3 3 2 4 4 4 2 1 4 4 0 1 0 2 1 3 1 1 2 0 1 2 1 2 1 2 1 1 4 0 4 0 4
0 3 2 1 2
56:
1 1 0 2 0 3 4 0 4 2 4 4 0 4 1 4 1 4 4 4 1 4 2 1 2 0 0 3 3 4 3 3 1 0 0 3 3 4 4 0 4 2 4 0 4 1 4 4 0 4 3 0 1 4 0 2 4 3 2 3 3 3
1 0 3 1 1
57:
3 4 3 4 3 1 1 4 0 3 0 4 3 2 2 1 0 1 4 4 0 3 1 0 0 3 0 0 3 0 2 1 1 3 0 1 1 2 3 0 1 4 1 0 4 1 0 1 2 1 3 3 2 3 4 0 4 2 1 0 0 3 0
0 1 2 2 4
58:
3 4 0 0 2 0 0 3 1 2 3 0 3 1 0 0 1 2 2 2 4 0 0 1 2 0 0 0 0 3 4 4 2 3 4 4 4 4 2 2 3 4 1 4 2 2 2 0 4 3 0 3 3 4 4 1 4 1 2 4 2 1 1 2
0 4 0 3 2
59:
4 0 1 3 1 1 1 1 3 1 2 0 1 4 0 4 3 0 2 2 4 4 2 1 4 1 4 0 2 4 2 2 4 0 0 4 4 1 0 3 4 4 3 3 1 0 1 1 2 2 1 3 2 2 2 4 1 3 4 2 4 0 0 1 0
3 4 4 2 0
60:
2 0 2 0 0 4 1 1 0 0 0 4 2 3 3 4 0 1 1 3 0 2 3 1 4 3 0 2 3 3 4 4 2 4 4 0 1 0 3 1 1 3 4 3 3 1 0 0 3 0 4 4 3 0 3 0 1 4 1 0 4 3 3 4 1 1
3 2 0 4 3
61:
1 2 2 2 1 0 0 3 4 2 4 2 0 1 3 3 1 0 3 3 3 1 3 3 4 4 0 0 3 4 4 1 1 0 1 0 0 1 4 2 2 3 3 4 3 3 0 4 0 4 3 3 1 1 0 0 0 3 3 3 0 0 3 1 3 1 3
2 2 3 0 2
62:
3 1 2 2 2 0 2 0 1 4 4 3 4 4 1 0 3 2 4 2 0 3 4 0 3 4 3 0 1 2 1 3 2 1 1 1 1 0 0 0 2 3 2 4 3 4 3 1 0 2 1 2 3 4 2 4 3 3 3 0 0 0 1 0 2 0 2 4
4 0 4 0 0
63:
4 4 0 3 0 0 2 2 2 1 4 1 2 0 3 1 3 0 0 1 3 4 1 3 0 3 4 1 0 0 0 1 4 4 3 4 2 2 3 4 1 1 2 4 3 1 1 2 2 1 0 2 3 4 4 1 1 2 2 4 4 0 3 1 1 4 4 4 3
2 3 0 1 0
64:
0 1 3 2 0 2 3 1 4 3 0 0 2 4 0 4 4 2 0 1 2 0 0 4 0 2 3 3 0 2 1 0 4 2 2 4 3 4 3 2 0 2 2 0 1 4 3 4 3 2 0 0 3 3 4 0 4 1 2 3 0 3 2 2 3 2 1 4 0 2
2 2 0 4 3
65:
0 4 0 2 3 3 1 3 2 4 2 3 0 1 0 3 2 2 2 2 2 3 0 3 0 4 1 4 2 1 3 4 4 3 4 3 0 2 2 3 0 1 1 0 2 4 0 3 1 3 1 1 2 1 2 2 4 3 2 1 2 0 0 3 3 1 1 3 2 3 1
1 0 1 1 3
66:
1 3 2 1 3 4 4 0 4 2 4 4 1 2 4 3 4 2 0 0 4 2 4 0 3 4 0 2 3 3 3 0 1 4 4 4 2 1 0 1 4 1 3 0 3 4 0 0 4 0 1 2 1 2 4 0 3 2 3 4 4 2 4 1 0 1 0 3 2 3 2 1
0 0 2 2 4
67:
2 1 3 3 0 2 4 4 3 3 4 2 2 4 1 4 4 3 1 3 2 4 2 4 2 4 3 1 1 4 1 1 4 1 2 2 1 0 3 0 4 3 4 3 1 3 3 1 3 0 4 2 4 2 3 0 1 0 2 2 2 4 2 2 2 1 4 3 1 1 3 0 4
2 3 1 0 3
68:
2 2 3 3 2 0 4 1 4 1 4 2 3 0 4 0 4 1 0 2 4 3 1 3 1 1 3 2 4 0 4 3 3 4 2 1 0 0 3 2 3 4 1 3 3 0 2 3 1 0 3 1 2 4 2 0 2 3 2 3 3 3 0 1 4 2 0 2 1 0 4 3 3 3
0 0 1 3 1
69:
3 4 3 2 3 4 4 1 0 3 2 1 0 2 2 1 3 2 0 0 0 4 0 4 0 2 0 0 2 2 2 2 0 3 2 4 3 2 2 4 1 3 2 1 2 1 0 0 4 2 0 0 0 3 0 3 3 0 2 2 3 4 0 2 4 1 0 1 0 3 3 1 3 2 3
3 0 0 2 3
70:
2 4 2 3 1 4 4 3 0 0 0 1 0 4 0 3 3 1 2 3 1 1 1 0 1 1 4 0 1 2 4 3 1 4 0 0 1 0 1 1 4 3 2 3 0 3 2 1 0 4 2 4 2 3 3 2 3 1 4 4 0 3 3 2 1 1 1 1 0 1 1 4 3 2 3 2
4 0 1 0 0
71:
0 3 0 2 3 0 0 3 0 4 2 1 0 1 0 0 1 1 2 4 4 0 2 1 4 2 3 0 4 4 2 1 3 0 1 2 1 1 1 1 2 2 4 1 2 4 2 3 1 2 0 4 4 1 2 0 2 2 3 0 0 0 1 0 4 4 0 3 2 0 2 3 2 0 4 4 2
4 3 3 4 1
72:
2 2 2 3 0 4 2 3 1 0 4 0 1 0 0 3 4 2 4 4 0 2 4 0 3 4 1 1 1 0 1 0 0 1 4 3 3 2 0 2 1 2 1 0 4 1 4 2 1 1 1 0 4 2 1 1 3 1 1 1 1 4 2 2 1 0 4 2 4 2 2 4 3 3 1 3 0 3
2 0 4 3 1
73:
3 2 1 4 1 1 0 0 0 2 2 2 1 2 2 2 4 0 4 1 3 2 2 0 1 3 2 4 0 0 3 2 1 1 2 4 0 4 4 2 3 3 3 2 0 1 3 2 0 4 4 4 1 2 0 4 0 4 0 3 2 3 3 2 2 0 1 0 0 1 2 3 3 4 3 2 2 3 0
4 3 4 2 3
74:
0 3 1 2 4 4 0 3 1 0 4 2 3 0 4 4 2 4 2 3 0 1 4 1 2 4 1 0 3 1 4 1 3 1 1 1 2 2 0 0 1 3 0 3 4 4 1 0 4 3 0 4 2 0 4 3 1 2 0 2 3 3 0 4 0 0 3 0 1 2 1 4 3 2 3 0 3 0 2 0
1 0 2 0 0
75:
3 0 4 2 0 1 1 2 3 4 1 2 3 4 2 0 3 4 0 3 0 3 2 1 1 1 2 4 4 1 0 0 2 3 4 0 4 4 0 2 3 2 1 1 4 2 1 2 1 1 1 2 0 3 4 2 4 1 1 4 1 4 2 4 0 4 2 3 4 3 0 0 3 3 4 0 4 2 4 0 3
2 1 2 2 0
76:
2 2 4 2 0 4 0 0 1 0 2 1 2 4 0 4 2 2 4 1 0 1 3 3 3 0 0 3 3 2 1 1 2 4 4 4 0 2 1 4 3 2 4 4 3 3 4 0 3 2 3 3 1 2 1 1 4 3 0 3 4 1 1 3 0 4 0 1 4 4 3 0 2 2 2 4 4 3 0 0 0 1
4 4 0 1 2
77:
0 4 2 4 3 4 1 0 1 1 3 0 0 1 4 0 4 4 1 3 1 2 2 3 3 0 4 2 0 3 2 2 4 3 0 2 0 4 3 2 1 0 2 2 0 4 1 1 3 0 3 3 2 0 3 3 2 1 1 1 4 4 1 1 4 3 3 4 4 1 0 4 0 3 3 3 2 1 4 3 3 4 4
4 4 1 1 0
78:
3 4 4 3 4 3 1 2 1 3 0 2 3 0 1 0 2 0 1 3 4 2 4 0 2 4 1 4 4 1 4 0 2 1 2 3 4 2 3 0 1 1 0 0 0 0 4 1 2 3 3 4 1 0 1 1 4 0 1 0 3 2 3 0 2 3 4 4 0 0 3 3 4 1 2 2 4 2 3 4 4 0 2 3
3 0 3 1 0
79:
4 4 3 1 3 2 4 1 4 0 4 0 1 0 4 2 1 3 1 3 0 1 2 2 1 1 0 1 4 3 2 4 3 0 1 1 2 0 0 1 1 1 4 1 0 1 2 1 0 2 4 1 3 4 3 3 2 2 2 0 3 3 2 2 0 0 3 4 4 2 2 2 0 2 4 0 3 2 0 1 3 1 0 3 0
3 0 4 0 2
80:
1 4 2 4 3 1 4 1 4 1 4 1 2 4 2 0 3 4 3 3 1 0 0 2 0 1 0 4 4 1 4 0 3 4 0 1 2 0 2 2 3 4 1 2 2 4 3 0 3 2 1 2 0 0 2 4 4 1 4 1 0 0 1 1 3 1 4 4 4 0 0 1 0 3 2 1 1 1 0 1 0 4 0 4 4 3
4 4 1 0 0
81:
1 4 2 1 2 3 3 1 0 2 2 0 1 4 3 3 3 4 2 2 2 0 0 2 0 1 2 0 3 2 4 4 0 3 4 4 4 1 3 0 4 2 1 3 0 3 2 0 0 4 2 0 0 0 1 1 2 4 2 0 2 0 0 2 3 1 0 2 4 4 1 4 4 1 1 0 2 4 1 0 0 2 3 2 4 3 3
2 4 4 3 4
82:
2 1 4 2 3 0 2 0 1 3 0 4 1 1 2 2 2 3 0 1 4 1 2 2 2 4 3 1 2 0 4 1 0 2 1 3 0 0 3 1 0 4 3 3 2 0 4 4 1 4 1 4 0 0 0 3 2 4 2 4 1 2 4 3 2 3 1 1 3 4 3 2 3 1 0 1 0 0 4 0 3 1 4 4 4 4 1 3
3 0 2 3 2
83:
0 4 1 2 1 4 4 3 3 4 1 2 3 2 2 2 1 3 2 3 0 1 2 2 0 2 1 4 1 1 1 0 0 1 4 2 4 3 0 3 0 3 2 0 4 2 1 4 0 4 0 2 2 3 2 1 3 3 0 4 3 4 3 4 1 3 4 2 0 3 0 4 0 3 3 4 3 0 2 0 2 1 3 1 3 3 2 0 2
1 4 0 0 0
84:
2 2 2 2 4 0 4 3 4 0 2 3 1 0 3 1 1 4 2 1 0 1 0 2 2 2 4 2 4 2 3 1 4 0 1 1 1 1 4 1 4 4 0 0 3 2 0 2 1 3 0 1 0 3 1 1 4 3 1 0 3 1 2 0 4 3 0 1 4 3 0 2 1 2 0 4 2 2 3 2 4 4 0 0 0 3 1 1 3 1
0 4 4 3 3
85:
0 3 2 3 0 2 2 0 4 0 0 1 0 4 4 4 0 1 0 3 2 0 4 0 4 4 2 3 0 1 2 4 4 1 2 4 0 3 0 1 4 1 3 4 4 1 0 2 4 0 1 0 3 2 1 0 3 0 2 3 4 0 4 3 2 2 3 0 4 2 0 0 2 3 1 3 4 2 2 2 0 2 3 2 3 2 0 2 0 2 1
0 2 1 2 2
86:
0 0 0 1 2 4 4 3 2 0 4 1 2 0 0 2 0 2 2 4 1 0 0 0 0 1 1 2 3 0 2 0 3 0 1 0 0 4 2 3 2 0 4 0 0 3 1 4 3 2 0 2 4 4 4 0 2 2 1 3 1 3 0 3 3 4 4 2 3 3 3 2 0 4 2 2 1 0 3 3 4 2 4 0 2 2 0 2 3 2 1 1
4 4 4 1 2
87:
2 3 2 3 3 1 3 1 1 1 0 1 1 2 2 2 3 2 0 1 4 1 2 3 1 2 2 4 3 1 0 4 2 2 1 0 4 4 2 4 3 3 1 3 4 2 0 0 2 0 0 4 2 3 0 4 4 2 3 4 3 2 4 3 2 4 4 1 4 4 2 2 0 4 3 4 4 1 4 0 1 2 2 3 3 3 4 1 2 1 3 0 3
2 2 2 1 4
88:
0 1 2 1 0 3 4 4 1 0 4 3 1 1 0 2 4 1 2 4 3 3 4 2 3 3 2 4 0 2 4 2 3 2 3 4 3 1 3 0 3 1 0 1 0 0 1 4 0 3 2 2 3 3 3 3 4 4 2 0 3 2 1 2 2 2 0 4 2 0 0 3 2 2 4 4 1 2 4 1 3 3 1 2 4 4 3 1 0 3 2 3 1 3
4 4 0 4 2
89:
0 3 2 0 1 0 1 3 2 2 0 3 4 0 3 2 1 4 0 2 3 3 1 4 1 1 1 4 0 1 4 2 1 0 0 3 4 2 1 3 0 2 2 3 2 3 4 1 0 0 3 4 0 0 4 1 2 3 2 0 4 1 4 2 0 3 3 3 3 2 4 4 4 1 0 0 0 4 0 0 1 3 3 1 3 4 2 0 1 3 3 0 0 0 2
1 1 1 3 2
90:
0 1 1 1 3 4 2 0 0 3 4 0 2 0 0 4 2 4 2 1 2 0 1 0 2 1 3 4 4 0 2 4 0 0 3 4 0 2 1 0 2 2 0 0 0 2 4 4 3 0 4 1 4 4 3 0 3 0 1 3 1 4 3 2 4 4 1 0 2 4 4 4 1 2 4 4 0 4 3 1 4 0 4 2 2 2 2 4 4 2 0 1 4 3 3 1
2 2 1 1 4
91:
1 3 1 4 1 1 3 4 1 2 1 0 2 4 1 3 3 1 4 1 2 2 2 3 3 2 1 4 4 0 3 3 2 2 4 1 1 2 3 3 0 1 2 3 3 2 2 2 3 2 1 0 3 0 0 4 2 2 1 4 1 3 3 3 4 3 3 2 4 1 1 2 2 4 2 2 2 4 2 3 3 0 3 0 3 3 4 3 3 2 3 3 1 1 3 0 3
0 4 2 1 4
92:
4 2 3 1 1 0 0 4 1 4 4 4 4 3 2 4 4 3 0 3 2 0 0 2 3 1 2 2 0 0 4 3 2 3 4 1 1 2 3 2 3 0 2 0 0 4 3 0 1 2 4 0 2 0 1 2 1 0 1 4 4 1 3 1 0 2 1 2 3 4 4 1 3 0 3 0 3 3 0 0 2 0 0 0 4 1 1 1 3 3 3 4 2 1 4 3 1 2
4 3 1 1 2
93:
2 2 0 2 1 0 3 2 3 3 1 2 0 2 2 1 2 4 1 4 0 0 0 0 3 2 3 3 0 4 0 3 3 3 4 4 1 4 2 3 1 2 1 3 0 2 2 0 4 4 4 3 3 4 3 1 3 2 1 4 0 1 1 1 4 2 4 1 4 0 3 2 2 2 1 1 3 1 1 3 4 3 3 3 0 4 0 3 0 2 1 4 3 3 3 0 1 2 4
4 0 3 1 1
94:
2 0 3 0 1 0 0 1 2 2 4 0 1 0 2 0 3 4 0 4 4 2 2 2 3 0 1 2 3 2 4 1 2 2 3 0 4 3 4 0 1 1 3 2 0 0 4 0 4 2 1 1 1 3 3 4 1 3 3 1 0 4 3 3 3 0 2 0 2 2 4 2 0 3 1 3 4 3 1 4 1 3 0 3 4 1 3 1 1 3 3 0 0 4 2 3 1 1 3 3
2 0 1 0 2
95:
3 0 0 2 1 0 3 1 0 1 3 2 2 1 1 2 1 4 3 1 2 4 1 4 1 1 0 2 0 2 3 1 2 2 4 3 2 1 2 3 0 1 1 1 1 1 4 4 0 3 0 1 2 1 3 3 4 4 1 2 2 2 1 1 3 1 4 4 3 2 2 0 3 3 1 3 1 2 0 4 1 3 3 0 2 1 1 0 2 0 4 1 4 2 0 2 3 3 2 4 3
4 2 1 1 2
96:
0 1 0 3 2 3 4 3 1 1 3 0 1 3 4 3 2 4 2 2 3 0 2 1 0 0 3 0 3 0 4 1 3 2 3 2 0 4 4 2 4 2 3 2 2 2 3 1 3 3 1 3 2 2 1 4 3 3 2 1 4 0 4 1 4 0 1 1 3 0 4 3 2 1 1 4 4 1 4 3 3 3 3 2 0 1 2 4 2 3 3 4 2 0 2 1 2 2 1 1 1 4
1 3 0 4 2
97:
4 0 0 4 4 4 0 2 0 0 1 3 2 3 0 0 1 1 0 0 2 0 3 3 4 2 0 4 3 1 2 2 1 4 1 0 4 4 1 1 1 1 0 3 3 2 4 4 3 0 1 2 3 4 1 4 2 1 4 4 2 2 3 1 1 2 3 3 2 2 0 4 1 3 2 4 2 2 1 1 4 1 3 2 3 4 2 2 3 2 4 0 2 1 4 3 2 4 0 2 3 4 3
4 1 1 0 1
98:
4 1 1 2 4 4 4 2 2 0 3 2 1 2 1 1 1 0 1 1 0 1 0 1 2 1 1 2 0 0 1 0 2 2 1 1 3 1 1 1 0 2 2 4 3 2 3 3 1 1 4 1 3 1 4 1 1 3 2 3 2 3 0 1 2 1 0 0 3 2 3 1 3 0 3 3 3 2 1 1 4 3 2 0 1 0 3 2 3 1 0 3 1 0 3 0 1 1 4 3 2 1 4 0
0 2 2 4 2
99:
1 1 2 2 3 3 3 4 0 2 2 3 1 2 3 0 1 2 4 3 0 2 3 2 3 2 3 1 2 4 4 2 1 4 0 4 4 3 1 4 3 1 2 1 0 2 4 0 1 3 1 4 3 0 1 4 4 0 1 2 1 3 2 0 2 1 0 0 2 4 0 0 2 1 2 3 3 2 2 1 4 4 4 2 1 0 1 1 1 0 2 4 4 1 1 4 1 3 0 1 1 0 3 2 3
3 3 2 1 0
100:
2 3 2 2 0 0 0 1 2 0 3 3 4 3 0 4 0 2 4 0 0 0 3 1 1 3 3 3 3 0 2 2 1 1 0 4 0 2 1 1 1 1 1 4 2 0 4 2 1 4 3 4 3 3 3 4 1 2 2 4 1 4 3 2 4 3 1 1 0 2 2 1 1 0 0 4 0 3 1 1 4 3 1 0 2 4 2 1 3 4 2 3 0 1 0 0 2 4 4 1 3 0 1 0 1 4
3 1 0 3 0
101:
4 1 4 3 0 3 2 4 4 1 3 0 4 3 0 1 1 3 3 4 2 2 4 2 4 0 4 4 4 0 4 0 3 4 1 4 1 0 1 2 3 4 1 3 1 4 3 3 1 4 0 0 1 0 2 3 1 0 2 0 1 2 3 1 3 1 2 3 1 0 0 4 2 1 2 1 1 4 3 4 4 1 4 1 1 1 2 3 2 1 2 2 3 3 1 4 3 3 4 4 1 1 3 0 4 2 1
4 4 1 2 3
102:
0 3 2 1 0 2 4 1 2 0 0 2 3 0 0 0 2 1 1 2 1 1 2 0 4 3 2 0 0 1 1 0 3 2 3 4 1 0 4 1 3 0 4 2 4 0 4 0 4 0 0 3 2 2 1 3 3 2 2 1 1 3 1 4 2 0 1 1 3 2 3 4 2 3 0 1 2 1 4 2 2 4 0 0 1 0 4 0 0 1 3 0 3 2 3 2 3 2 0 1 4 3 4 1 0 1 3 3
2 2 1 3 0
103:
1 2 1 3 1 2 4 1 2 3 4 1 0 1 4 2 4 4 1 1 2 0 1 3 3 2 3 2 3 4 0 2 4 1 2 3 0 4 3 1 1 0 4 2 1 1 2 3 1 4 1 4 0 2 1 3 4 3 3 2 2 1 4 3 2 0 1 3 4 0 4 4 2 2 4 1 3 0 3 4 0 2 2 2 2 1 1 3 1 2 1 4 4 0 3 3 1 1 2 0 0 4 0 2 0 3 0 0 4
3 2 3 0 0
104:
1 2 1 1 3 3 2 4 4 1 4 3 0 4 4 1 4 1 3 4 2 1 0 4 4 3 2 1 0 2 2 0 2 0 2 0 1 4 1 4 0 2 2 3 1 4 1 1 1 3 0 0 0 1 1 3 3 3 3 2 3 3 2 3 0 1 4 1 3 4 3 2 1 3 1 0 1 1 3 3 1 4 0 0 4 1 3 1 3 3 1 0 1 1 4 0 3 3 2 0 4 2 4 1 0 0 3 1 2 4
1 2 4 4 0
105:
4 4 0 2 1 0 0 4 0 3 1 0 2 0 1 0 0 2 2 3 4 2 4 3 2 0 3 1 4 2 4 0 4 1 3 2 3 1 0 2 2 2 2 4 3 0 2 0 4 1 2 0 2 2 4 3 0 0 3 2 4 4 2 1 3 3 1 0 4 2 2 1 4 3 3 2 0 0 2 3 3 0 1 1 4 3 0 0 2 1 1 2 2 3 3 3 2 2 1 1 3 1 4 4 2 3 0 3 2 2 4
3 0 4 0 2
106:
0 4 1 4 3 3 1 4 4 3 4 1 3 0 3 3 3 3 2 3 1 0 2 3 1 2 1 4 1 2 2 1 0 0 2 0 2 0 1 0 0 3 1 4 4 3 3 0 0 2 3 4 3 2 3 3 4 2 2 4 3 0 4 3 0 1 0 2 1 0 1 4 3 2 1 2 4 0 2 0 1 0 2 0 4 1 2 1 0 4 3 1 3 4 4 3 2 1 4 2 1 3 0 1 0 3 1 1 0 4 3 1
3 1 4 3 3
107:
2 1 2 2 4 3 4 0 4 4 0 3 0 4 1 0 1 4 4 0 4 3 1 0 0 3 2 0 0 4 1 0 0 0 4 4 0 4 3 2 4 0 3 0 2 1 3 2 4 2 3 4 0 1 1 3 3 4 1 0 0 0 3 1 3 4 1 2 0 0 0 1 0 2 0 0 0 4 4 1 0 4 0 4 2 4 1 0 1 3 0 4 2 3 3 3 1 1 3 0 2 4 2 1 1 4 3 0 2 3 4 2 0
1 4 2 2 4
108:
2 4 3 4 0 0 4 4 0 3 0 1 1 3 4 2 1 0 3 0 3 3 3 4 4 3 4 0 3 3 3 0 4 4 4 2 1 0 0 3 0 0 3 1 1 4 3 0 4 1 4 0 3 0 4 1 1 2 3 2 2 2 1 1 1 2 1 0 0 1 2 4 2 0 0 2 4 4 4 1 2 4 4 0 4 0 1 3 0 2 0 2 2 1 2 1 1 3 2 2 4 1 3 2 2 2 3 4 3 4 0 2 3 0
0 1 0 1 4
109:
1 0 4 1 0 0 1 1 3 4 3 2 1 2 2 3 2 2 3 0 4 2 0 2 2 0 3 4 0 0 2 4 2 4 3 3 1 0 1 3 3 2 3 4 2 2 1 2 4 1 3 3 4 0 1 4 1 3 3 0 2 2 2 2 2 2 3 2 3 0 1 3 2 0 4 1 2 3 4 3 1 3 1 4 2 3 4 0 0 0 1 3 1 3 1 4 1 2 3 1 4 3 0 0 4 3 4 3 4 0 2 1 4 3 0
3 4 4 3 0
110:
0 0 3 0 3 0 1 1 3 1 2 3 1 1 1 4 2 0 0 2 2 1 2 0 4 0 4 4 3 3 3 1 3 2 4 0 0 0 0 3 3 0 4 0 3 3 4 3 1 1 3 4 2 3 2 3 4 4 3 2 0 0 3 0 0 3 2 3 4 3 3 3 2 1 0 2 3 3 2 0 0 2 4 2 1 0 4 1 0 0 1 4 4 1 3 4 1 1 1 1 4 4 0 3 1 0 3 0 2 0 4 1 0 3 3 3
0 4 0 3 3
111:
4 1 1 1 2 4 3 1 1 2 3 1 0 3 4 4 4 3 0 2 1 3 4 2 0 4 2 2 2 0 0 0 2 4 4 4 3 4 4 0 1 0 0 2 0 2 3 1 3 2 0 0 0 1 2 0 2 1 2 1 1 1 4 0 4 3 0 2 1 4 1 0 3 0 2 1 0 2 2 2 2 3 1 2 3 1 1 0 2 1 4 0 1 4 2 4 1 1 2 0 1 3 2 4 1 2 2 3 1 2 4 1 4 4 0 1 2
3 4 1 2 0
112:
2 3 2 2 0 1 4 1 3 4 4 3 4 3 2 1 1 2 1 2 3 1 0 3 4 0 2 3 4 0 3 0 2 2 2 2 2 1 4 3 0 3 3 1 3 3 4 0 3 0 2 1 1 1 0 3 1 4 3 4 0 1 1 0 3 0 4 0 4 2 1 1 2 4 4 0 2 3 4 3 2 2 0 1 1 4 2 4 4 4 3 0 1 0 3 3 2 4 1 2 2 4 3 2 1 3 1 1 1 0 1 1 0 3 1 2 2 4
1 3 2 0 2
113:
3 0 3 3 3 4 1 2 3 3 4 0 1 1 2 3 1 4 4 2 0 2 1 0 3 0 0 2 3 2 4 1 4 3 4 1 3 3 0 2 4 2 3 2 3 2 0 0 2 4 0 2 0 0 3 2 1 0 0 1 1 3 3 1 2 2 4 3 2 2 2 1 1 1 1 4 0 1 0 1 2 4 4 3 2 4 3 1 2 0 3 1 3 2 3 4 3 3 1 2 0 0 2 0 1 3 2 4 0 3 0 2 2 3 0 2 1 1 0
2 3 1 3 1
114:
3 1 4 0 0 2 4 3 0 2 1 2 4 4 4 3 4 2 1 1 3 0 2 2 1 1 2 0 3 4 0 1 4 0 4 2 3 1 1 2 3 0 0 4 3 0 2 4 3 3 3 2 0 3 0 0 4 1 2 2 0 1 0 0 4 4 2 0 4 4 4 1 0 0 4 3 2 3 1 2 4 0 3 1 1 0 2 1 0 0 2 1 2 2 0 4 0 0 0 0 0 4 0 4 0 2 2 3 1 2 3 3 0 1 3 0 3 1 2 2
4 4 0 2 4
115:
4 1 4 1 4 0 0 1 4 2 2 3 4 3 3 3 4 2 4 1 4 1 2 1 0 2 1 3 1 4 0 2 2 4 4 1 4 0 2 0 3 0 4 1 2 3 0 2 0 4 0 4 3 3 2 3 1 3 4 2 3 1 3 3 3 1 3 2 4 4 0 4 0 3 3 0 0 2 4 4 1 3 1 1 0 3 3 4 2 4 0 2 0 4 1 1 2 3 0 3 4 3 4 0 3 0 2 0 3 3 0 1 2 4 1 2 2 4 0 2 2
4 1 2 2 1
116:
4 4 0 4 0 4 1 2 3 2 0 4 3 2 3 2 2 4 4 3 3 0 4 4 4 0 2 4 3 0 4 1 1 2 2 4 3 3 2 3 4 3 4 0 4 3 3 4 3 3 1 3 3 0 4 3 0 3 4 1 2 2 3 1 2 2 0 1 2 1 4 1 2 2 3 2 2 1 3 2 1 3 3 1 0 2 0 1 4 0 0 2 4 2 2 3 3 4 1 4 1 4 3 2 2 0 2 4 0 2 3 2 3 4 3 3 0 0 2 4 2 0
4 1 2 2 3
117:
3 1 2 4 2 3 3 3 3 1 1 0 2 3 4 2 3 4 1 4 1 2 0 2 4 4 0 0 4 0 2 2 1 1 2 4 0 4 0 3 3 2 3 1 0 2 0 3 4 4 1 2 2 2 0 2 4 3 4 4 3 0 3 2 2 3 3 1 3 0 1 4 4 4 1 1 0 0 1 1 4 3 0 4 2 1 2 2 0 2 0 1 1 3 1 1 3 1 2 0 4 2 0 2 1 1 4 1 3 0 2 1 2 2 0 3 3 1 3 1 2 3 4
2 1 1 2 3
118:
3 4 4 1 2 3 3 0 2 2 3 3 4 3 3 2 3 3 1 1 4 3 3 0 0 2 0 0 3 2 0 1 4 1 4 2 1 1 1 3 2 0 3 0 2 3 1 3 1 4 0 0 2 1 4 0 2 0 3 0 3 0 0 0 3 4 0 1 4 0 0 1 2 0 2 0 3 3 3 2 2 4 1 4 0 1 1 2 2 4 0 3 0 2 1 0 2 0 0 0 2 2 1 1 3 4 1 4 3 1 3 1 3 0 4 2 4 0 2 2 2 2 1 1
2 1 4 1 1
119:
1 3 4 1 3 2 0 1 0 2 0 0 2 1 3 3 0 4 4 3 4 2 0 3 2 3 0 0 3 4 4 3 3 0 0 1 1 2 1 0 3 1 1 1 1 4 0 0 3 4 2 0 4 1 2 0 2 4 2 2 0 3 0 0 4 1 2 0 0 3 1 1 2 1 1 1 3 4 1 2 4 2 3 1 2 0 2 1 3 1 0 3 4 1 0 2 4 2 2 1 4 2 0 3 0 3 2 2 4 4 1 1 4 4 0 2 4 1 4 1 2 1 2 4 2
1 4 0 3 3
120:
4 0 1 1 4 2 2 4 4 2 3 2 3 3 4 4 1 1 2 0 1 3 4 3 0 4 3 0 4 1 0 1 4 0 3 2 2 3 2 2 2 1 1 3 0 1 2 2 1 2 1 2 2 0 3 4 0 3 1 3 0 4 2 1 0 1 0 1 1 1 0 1 1 1 1 1 2 1 0 0 2 0 1 0 1 0 1 3 2 2 3 0 3 2 3 1 3 0 3 4 4 2 2 3 1 4 2 0 4 1 4 4 4 1 2 0 1 4 0 3 3 3 4 3 0 2
1 2 4 4 3
121:
1 0 1 1 0 1 4 2 4 1 0 3 4 0 4 4 3 1 4 0 2 4 2 3 1 3 2 1 4 2 1 0 2 1 4 1 0 1 1 1 1 0 2 1 0 3 4 1 1 3 0 2 1 1 0 2 0 0 4 2 4 0 4 3 3 4 4 1 4 2 0 4 3 1 3 2 1 1 2 4 4 4 4 2 3 3 4 2 4 2 1 0 2 4 4 2 3 3 1 4 2 1 4 4 4 4 0 3 2 1 3 2 1 1 3 4 0 2 0 2 4 1 4 1 4 1 0
3 3 2 3 1
122:
0 3 2 1 3 0 3 3 1 1 0 2 4 3 3 0 4 0 2 0 4 1 0 3 1 2 3 3 3 3 4 1 0 4 1 2 1 3 0 4 4 2 3 4 3 2 1 4 0 2 1 2 4 0 1 2 2 0 3 0 1 2 0 2 4 3 3 2 4 4 2 4 2 1 3 3 4 1 2 0 2 0 1 4 2 0 1 4 0 4 3 1 3 1 2 2 4 3 3 3 0 3 4 4 2 4 3 3 4 1 0 1 0 4 1 2 2 1 1 4 2 4 1 2 2 0 2 4
1 4 4 1 4
123:
0 2 0 1 2 0 2 3 0 3 3 4 3 1 4 2 0 2 4 1 1 1 0 2 3 2 3 2 3 2 3 1 1 3 4 2 2 1 1 3 1 2 1 0 3 1 2 0 1 2 2 4 3 4 0 3 2 2 4 2 4 1 3 3 4 0 4 0 0 4 4 2 4 2 3 3 0 0 3 4 4 0 1 3 0 2 4 3 1 0 4 2 3 3 0 3 3 3 0 1 4 3 4 3 3 4 4 4 4 1 1 0 3 4 2 1 3 3 1 1 2 1 2 4 3 4 3 4 4
3 4 3 1 1
124:
0 1 4 0 4 4 3 3 1 2 1 2 3 2 1 1 4 3 4 3 0 2 4 3 4 3 0 4 2 4 3 4 3 4 0 2 3 4 1 1 1 3 4 4 4 2 1 4 2 1 0 4 3 0 4 1 3 4 2 1 1 4 1 1 3 1 0 2 0 1 3 4 1 2 4 1 4 3 1 4 0 0 4 1 2 1 3 0 1 2 0 4 1 3 3 2 3 1 2 0 0 0 4 1 1 4 1 3 2 3 2 1 0 1 0 0 1 4 1 1 4 3 1 1 2 1 0 1 4 3
0 4 3 1 4
125:
0 0 0 4 2 3 4 1 4 1 4 1 0 4 3 2 2 4 4 2 1 2 3 1 3 1 0 4 2 0 2 3 4 3 3 4 0 3 2 3 0 3 0 0 3 2 3 2 3 1 4 2 3 4 2 0 3 2 1 0 4 2 3 1 3 4 3 3 1 4 3 1 3 3 3 4 2 3 2 3 4 3 2 2 4 1 4 4 1 1 2 3 4 0 3 1 1 0 1 3 0 2 0 2 4 0 2 3 2 1 2 0 3 1 0 2 0 2 2 0 4 2 1 1 4 0 0 0 0 0 1
0 2 2 1 2
126:
1 1 1 2 4 2 2 3 3 2 0 0 3 1 2 3 3 4 4 2 0 1 1 0 0 2 1 3 4 2 3 3 1 2 0 0 4 2 2 4 1 4 2 3 0 3 2 3 0 0 2 1 2 1 0 2 1 4 1 1 3 2 4 2 0 4 4 1 1 4 4 0 0 2 2 0 0 2 0 2 1 1 0 0 2 3 1 0 1 3 0 0 4 2 0 4 0 0 4 3 3 1 3 2 2 0 1 1 4 2 4 1 2 1 3 0 4 4 3 2 2 1 0 3 0 1 3 2 1 0 1 1
1 2 0 2 3
127:
4 2 3 4 0 0 4 1 0 4 1 0 1 1 1 0 1 2 1 0 4 0 2 3 3 4 4 1 3 0 4 0 2 3 0 4 0 1 0 4 1 0 3 4 2 1 3 3 0 4 2 1 0 2 2 2 1 4 3 4 4 0 2 0 0 4 3 4 1 2 4 2 0 3 4 3 2 0 0 2 1 3 1 1 1 1 0 3 0 3 0 0 1 3 3 3 2 2 3 1 1 1 0 3 1 1 1 1 2 1 2 4 0 3 0 0 1 4 3 4 1 3 4 2 4 3 1 0 3 1 1 4 0
2 3 4 2 2
128:
2 1 1 2 3 4 2 1 4 3 3 1 1 0 1 3 3 3 2 1 1 3 2 3 2 1 1 4 0 0 4 4 1 2 3 3 0 1 3 3 1 3 0 3 4 2 4 0 2 3 1 4 0 1 3 1 2 2 1 3 1 3 0 4 4 0 0 1 2 3 3 4 3 0 4 4 1 0 1 1 1 1 2 2 4 3 2 2 0 0 3 2 3 3 0 0 3 4 4 4 3 2 2 2 4 0 3 0 4 0 0 3 4 3 2 2 4 4 3 1 1 4 2 1 2 3 4 3 0 1 0 0 1 0
3 1 2 1 3
129:
4 3 2 2 1 3 4 2 0 1 4 0 0 4 1 2 0 0 0 0 0 1 4 4 4 2 1 0 4 1 1 3 3 2 2 1 1 3 3 2 0 2 1 2 1 1 0 3 4 4 1 1 3 0 1 4 4 3 2 2 3 4 4 2 1 1 0 0 1 3 1 0 0 2 2 0 3 2 3 2 0 1 1 1 1 4 3 0 0 4 0 2 4 1 1 3 2 0 1 0 0 3 3 3 0 1 4 3 0 0 0 0 4 4 0 2 2 2 3 2 2 4 3 0 3 1 3 1 1 4 1 0 1 1 0
0 2 0 3 4
130:
3 1 4 0 0 4 2 1 1 1 0 4 3 0 2 2 3 4 2 4 0 4 3 0 3 3 0 4 3 2 0 0 4 3 4 0 1 2 2 1 0 3 4 1 0 4 3 3 2 4 3 3 1 4 3 2 2 0 3 1 3 0 1 1 4 2 4 1 3 3 4 1 4 1 0 4 2 3 2 4 4 2 3 3 4 1 4 0 4 0 4 4 0 4 4 2 0 3 0 4 1 2 0 1 3 0 2 4 3 1 4 3 0 0 3 3 3 2 3 1 3 2 1 1 0 2 4 0 4 4 0 1 2 0 4 1
0 2 2 1 2
131:
3 3 0 1 4 3 1 4 0 2 0 0 4 2 1 0 4 0 4 4 0 0 3 0 2 2 0 0 2 2 4 2 1 4 1 3 4 2 1 0 2 4 1 4 4 0 1 0 3 4 1 1 1 3 4 3 1 1 4 0 1 2 2 4 1 0 3 4 2 4 4 2 3 2 2 3 0 0 1 0 1 2 3 2 1 2 0 0 3 3 4 1 3 3 0 0 3 3 0 1 3 4 4 4 3 3 0 3 4 2 2 2 1 4 2 0 0 0 2 3 3 4 1 1 4 4 0 4 0 4 0 2 3 0 1 4 3
1 0 0 0 2
132:
2 0 3 1 3 1 0 2 1 4 0 0 1 2 4 2 2 3 2 3 4 2 1 1 2 2 1 4 3 3 3 4 1 4 4 0 3 2 1 0 3 4 2 3 4 4 1 3 1 2 4 3 4 1 2 4 0 2 2 4 2 4 1 0 3 0 4 4 0 2 0 3 0 2 0 0 4 1 3 3 2 2 3 3 0 2 4 4 1 0 4 1 2 0 3 4 2 1 4 2 4 4 0 3 1 2 4 2 0 0 0 1 1 0 1 1 1 1 3 3 2 4 0 2 2 3 2 0 3 2 0 0 1 4 2 3 4 1
3 4 2 1 4
133:
2 2 4 1 1 2 4 0 0 1 4 2 2 0 4 3 1 0 4 3 1 1 4 1 4 1 4 3 1 1 3 3 3 4 1 0 4 4 1 3 3 2 1 2 0 0 1 1 0 1 1 0 0 4 0 2 4 0 3 0 3 2 2 2 0 2 4 1 4 1 0 3 2 1 2 4 4 1 1 1 2 1 1 0 2 3 3 0 0 3 0 2 1 2 1 4 0 2 2 2 1 1 2 4 2 3 0 1 3 0 3 4 1 4 0 1 2 2 2 4 1 3 0 4 1 0 2 0 2 1 0 1 4 0 3 4 4 3 0
2 0 3 0 4
134:
0 2 2 0 3 1 4 1 2 0 3 4 0 4 0 3 3 0 3 0 2 4 3 3 3 4 1 1 2 3 1 4 4 1 2 0 1 1 2 0 2 0 0 0 1 1 3 3 3 0 3 4 4 1 1 4 0 2 1 1 4 2 0 3 0 4 4 4 0 3 2 3 2 3 2 3 0 3 4 1 0 0 1 4 4 4 2 1 1 1 0 3 1 0 2 4 1 0 4 0 0 0 0 2 3 1 3 1 0 3 2 4 2 4 4 2 0 0 3 2 1 0 3 4 4 3 3 0 0 1 2 1 3 4 4 1 1 1 1 4
4 3 4 0 0
135:
4 1 2 1 0 3 0 0 0 0 3 1 0 2 4 2 1 4 0 0 1 1 3 3 0 3 0 4 4 2 4 2 2 1 4 3 2 3 1 1 1 2 1 2 4 3 2 1 1 2 4 4 3 4 1 2 3 1 4 4 1 3 2 2 3 3 3 3 3 0 4 3 1 4 0 1 1 1 4 0 1 0 1 0 0 1 3 1 2 3 4 0 2 4 4 0 3 2 2 3 4 4 0 4 3 1 3 0 3 2 2 3 3 3 2 2 0 1 0 3 1 0 1 2 3 2 1 3 0 1 0 2 4 3 2 2 2 0 2 2 1
3 3 3 0 4
136:
0 1 3 2 0 1 0 0 1 4 2 4 0 0 3 0 3 4 2 2 3 4 1 1 4 2 2 0 2 1 0 1 2 4 0 4 2 3 1 4 3 4 3 4 3 3 2 0 0 3 4 2 0 0 3 4 0 4 1 0 0 3 4 0 1 1 3 0 2 4 2 1 0 4 1 1 1 1 4 2 4 0 3 4 0 3 2 4 3 4 0 4 1 3 3 3 0 2 0 1 3 4 3 3 1 3 1 4 1 2 1 3 3 1 3 3 3 0 4 4 2 1 3 1 4 1 1 0 0 1 2 4 2 0 4 3 0 0 4 0 0 3
2 2 3 0 3
137:
2 3 0 0 2 1 4 4 3 4 4 3 1 2 1 2 4 1 1 3 4 0 3 0 4 1 3 3 0 2 4 3 4 2 4 1 4 4 3 1 4 3 1 1 2 4 4 0 4 3 2 2 0 1 2 1 0 1 4 2 1 3 3 2 2 4 3 0 4 2 2 2 3 2 2 1 2 1 1 1 4 0 2 2 2 1 4 0 4 2 4 3 1 1 3 3 3 4 3 2 4 0 1 0 3 3 3 4 0 1 2 4 4 4 0 0 1 1 0 0 3 2 0 1 3 0 0 1 0 4 4 4 0 3 2 4 2 3 2 0 3 0 3
4 4 4 3 4
138:
3 2 2 0 1 3 1 3 1 2 0 0 1 1 2 3 4 3 4 0 1 3 4 1 3 2 0 4 1 3 0 3 2 0 4 4 4 0 2 3 0 1 0 2 2 1 3 3 2 2 0 2 3 3 1 3 1 0 2 3 4 1 2 4 0 3 1 0 4 2 1 3 4 4 2 4 1 2 3 3 3 0 2 2 3 4 3 4 4 0 2 4 1 3 1 4 3 4 2 1 3 1 0 4 0 0 4 3 2 2 0 1 0 1 4 2 0 0 3 1 3 4 0 3 1 3 0 0 0 2 1 0 3 3 0 3 3 0 3 1 3 3 0 1
0 1 0 2 4
139:
3 0 0 2 0 2 1 1 3 0 1 4 4 1 3 4 1 1 0 2 3 2 1 3 3 1 1 3 1 2 0 3 3 3 3 4 4 3 3 4 3 4 0 2 2 0 2 4 2 3 0 4 0 1 2 2 3 3 3 2 3 2 2 0 0 4 4 1 3 0 1 1 3 4 2 1 3 1 4 1 2 3 0 1 1 1 2 1 2 3 2 4 0 2 4 0 0 2 1 0 2 1 1 4 4 2 4 1 1 4 1 1 0 3 2 3 3 4 1 0 4 3 0 3 3 0 3 1 0 1 4 1 3 1 0 1 1 2 0 3 2 1 1 4 0
3 4 2 4 2
140:
0 4 4 2 1 0 4 3 3 1 2 2 3 1 2 0 0 4 3 0 3 3 3 0 0 3 4 2 2 1 2 2 0 0 2 2 1 4 3 3 4 1 2 3 4 1 1 4 2 1 4 4 3 1 4 3 3 0 0 2 1 3 3 1 1 4 4 0 2 4 3 0 1 0 0 0 1 1 2 2 2 0 4 1 4 2 0 4 2 3 1 3 1 4 4 3 4 4 4 2 1 3 1 4 2 3 0 4 2 0 1 3 0 1 0 1 3 4 2 3 0 4 4 3 3 4 1 1 0 0 0 0 2 1 0 0 4 1 0 1 0 1 0 3 4 3
4 1 3 0 0
141:
1 1 0 2 2 4 4 2 1 3 4 1 3 2 2 1 2 3 3 4 1 1 2 3 1 4 2 2 1 1 2 1 1 4 3 0 0 0 3 1 1 0 3 1 2 3 3 3 1 2 0 4 3 2 1 3 2 3 0 1 0 2 2 1 3 1 4 2 2 0 2 3 3 0 1 0 2 2 1 0 2 1 0 1 1 2 1 1 1 3 2 2 0 2 3 2 0 4 0 3 4 4 0 1 2 1 3 4 3 4 2 0 0 2 1 2 1 2 0 0 1 0 2 3 1 0 1 1 2 3 2 1 2 4 4 2 1 1 1 0 4 0 3 0 2 2 1
2 1 1 1 0
142:
4 2 3 3 0 1 4 3 3 1 0 0 0 3 2 2 0 4 2 4 4 4 4 0 3 3 4 3 4 3 2 4 0 2 1 1 2 3 2 3 0 0 1 3 0 4 3 3 0 2 4 2 0 2 1 3 3 4 4 2 1 2 1 3 2 3 1 3 0 4 4 4 4 1 2 2 2 1 2 1 4 3 4 3 0 4 1 4 1 2 0 0 0 3 2 2 0 2 4 4 2 1 0 2 2 1 2 0 4 4 2 4 0 4 4 0 4 3 1 3 0 1 3 1 4 2 2 3 2 2 0 3 1 1 1 1 4 4 0 2 0 3 3 2 4 4 3 0
1 2 0 4 2
143:
2 0 3 4 2 1 4 2 0 4 0 4 2 3 1 0 1 2 1 1 2 1 4 4 1 0 4 1 0 2 2 4 3 1 3 2 3 0 4 4 3 4 1 2 0 1 4 0 3 1 0 4 0 2 0 3 3 0 0 3 4 4 0 3 0 1 3 3 1 2 2 3 1 0 3 3 1 2 1 2 1 0 2 0 2 2 4 3 3 4 1 3 4 2 0 4 3 4 1 3 0 2 4 2 2 4 2 2 0 4 3 2 1 0 4 0 3 3 0 1 4 3 2 1 1 4 2 3 1 4 3 3 2 1 2 0 3 2 1 2 3 1 2 2 4 4 1 2 2
1 0 0 3 1
144:
3 2 1 0 1 0 3 4 2 2 3 4 0 0 2 0 0 2 1 2 1 4 3 2 2 3 2 3 3 2 2 1 4 1 3 3 1 0 3 4 1 4 3 2 3 3 2 1 4 2 0 0 1 0 3 3 2 4 3 1 0 2 4 1 0 4 4 3 0 1 4 2 4 4 2 0 4 1 2 1 3 3 1 3 2 4 4 2 4 1 4 4 1 4 4 4 2 3 2 2 1 2 2 1 1 1 4 4 2 3 1 0 1 3 3 2 1 2 1 2 0 4 0 4 0 3 3 2 0 3 1 4 0 4 0 0 2 4 2 0 4 0 2 0 0 0 0 4 0 3
4 1 3 3 0
145:
4 3 0 0 2 4 2 0 1 0 4 3 1 1 4 1 0 2 4 1 3 1 3 2 1 3 3 0 0 4 2 3 2 1 4 0 0 3 3 3 3 1 1 1 3 4 3 3 0 4 1 3 2 1 3 3 3 2 3 1 0 1 1 2 1 1 4 4 2 1 2 0 3 2 3 2 3 2 1 0 1 0 4 4 4 1 1 1 3 1 4 1 4 3 1 3 0 4 0 4 1 4 1 0 0 4 2 2 2 2 1 3 2 3 3 3 0 0 2 4 2 1 3 3 4 2 1 4 0 0 2 4 2 4 0 2 4 1 3 4 3 3 0 0 0 0 1 3 1 0 4
4 1 2 2 4
146:
3 4 0 1 2 3 1 4 3 3 1 2 4 3 3 2 3 4 2 3 1 2 2 4 3 2 4 3 0 0 0 3 0 2 3 1 0 0 2 2 0 1 0 1 4 4 2 2 1 0 0 4 1 0 4 2 1 2 4 3 4 0 4 1 4 2 0 2 0 0 4 2 1 0 2 3 0 2 4 4 3 1 1 0 4 4 2 3 2 4 1 1 4 0 4 3 4 3 1 4 3 2 1 1 3 0 4 0 3 1 0 4 3 3 1 3 1 3 2 3 3 0 1 4 4 4 4 2 0 0 2 3 4 2 3 3 0 2 1 3 4 3 2 2 2 1 3 4 1 1 4 3
3 0 0 4 2
147:
4 0 0 3 2 4 2 3 1 1 1 3 0 2 0 2 0 3 0 4 4 4 0 4 3 1 1 3 0 1 4 2 0 4 2 4 1 2 1 3 2 1 1 4 0 3 4 0 3 0 1 1 0 1 1 3 4 1 2 2 4 0 4 0 2 1 3 1 2 3 2 4 1 4 0 0 3 1 1 4 1 1 4 4 4 1 3 3 3 2 0 1 3 2 0 1 0 4 1 4 4 1 4 3 2 0 0 3 0 0 4 4 1 3 0 3 0 0 4 1 2 3 0 1 2 4 2 3 0 1 3 0 4 4 0 1 1 2 1 1 0 4 2 2 1 4 1 3 4 0 0 3 1
0 4 0 0 2
148:
1 1 2 1 2 2 2 4 2 2 1 2 3 1 2 3 0 1 3 0 2 0 4 0 1 0 0 0 1 2 3 2 0 4 0 1 1 0 2 4 0 0 4 2 1 4 0 1 3 2 4 4 0 0 1 1 4 3 0 3 1 0 4 1 1 2 4 4 1 4 0 3 2 1 1 4 4 1 0 1 1 2 2 2 4 2 4 3 4 2 1 0 4 2 4 3 1 4 4 1 2 3 2 1 1 0 1 0 2 2 2 4 1 0 4 4 4 4 2 3 3 2 3 4 2 1 0 4 4 1 3 1 1 3 0 4 4 2 0 4 0 4 1 3 3 2 4 0 0 1 1 0 1 2
0 4 0 3 4
149:
3 4 2 1 0 2 0 4 2 3 4 0 0 4 2 2 0 4 2 4 4 1 4 2 1 2 2 2 2 2 2 4 4 1 4 2 4 1 1 3 3 2 4 0 1 4 1 3 2 2 2 2 0 0 2 4 1 1 0 1 1 1 3 0 2 4 1 2 0 0 2 4 0 1 1 4 2 1 0 1 1 3 4 3 2 0 1 4 2 0 3 3 1 4 4 2 3 4 4 4 2 4 3 3 2 1 0 1 2 2 2 2 0 4 3 4 1 0 2 3 3 3 4 1 0 0 0 2 0 2 2 4 1 0 3 4 3 4 2 1 4 3 4 1 0 3 1 3 0 2 4 1 3 2 4
3 4 3 2 1
150:
3 1 2 3 1 3 4 2 3 3 0 2 3 0 4 2 4 4 3 1 0 1 1 1 2 1 0 2 0 3 1 1 4 4 4 2 0 3 3 3 2 2 4 0 1 3 0 1 0 3 2 2 3 4 3 3 2 2 4 0 1 0 2 3 3 0 3 4 2 2 2 0 1 4 0 2 0 1 3 1 4 1 3 4 2 2 4 4 2 2 1 2 0 4 1 2 1 3 2 3 2 0 0 3 0 2 4 2 2 1 1 2 0 4 0 0 2 1 4 3 2 2 1 2 4 3 1 4 3 2 3 1 0 4 2 3 1 4 3 1 3 2 4 4 0 3 3 2 4 3 4 2 2 1 4 3
0 1 3 0 1
151:
2 4 3 0 2 4 2 3 1 2 0 1 3 1 4 0 3 1 2 2 2 2 3 1 3 0 4 0 1 1 2 2 4 2 1 4 0 1 4 0 4 0 4 3 3 3 2 1 2 1 2 0 0 0 4 2 0 1 0 3 0 3 2 1 3 1 0 0 1 1 0 1 4 3 1 4 1 4 1 4 4 3 0 4 3 3 2 0 0 0 0 0 2 0 3 0 4 0 3 1 0 0 0 2 4 2 0 4 4 3 1 3 1 4 4 0 3 0 1 2 3 1 3 1 4 1 4 1 1 1 0 2 4 2 4 3 1 4 3 2 4 0 2 1 1 2 4 2 1 0 3 2 1 4 3 4 2
0 2 0 3 0
152:
1 0 2 0 1 4 2 1 4 2 1 1 1 1 1 2 2 2 0 2 3 4 3 3 2 3 1 2 1 4 4 0 0 4 3 3 0 1 0 0 3 4 0 1 3 2 2 1 3 0 3 1 0 0 3 1 4 4 4 4 3 3 2 4 1 3 3 3 0 0 1 3 2 2 4 2 2 4 0 1 0 1 2 4 3 4 2 4 2 2 2 3 0 3 1 2 4 0 3 2 3 4 3 2 0 4 2 3 1 0 2 4 0 2 3 1 0 1 4 1 0 0 1 3 1 4 3 3 4 4 2 2 1 0 0 0 2 1 4 2 0 2 1 2 3 2 1 0 1 1 4 2 1 1 4 2 4 1
0 2 4 0 2
153:
1 2 1 3 2 4 4 3 0 4 1 4 3 4 0 3 4 3 4 4 0 4 2 2 3 3 0 2 4 4 1 4 1 1 3 1 0 4 4 2 4 1 1 0 0 3 4 3 4 3 3 1 1 2 2 2 1 0 2 4 2 2 1 1 1 3 2 3 0 0 0 2 3 3 1 0 0 0 1 3 3 0 4 1 3 2 0 1 1 0 1 0 0 3 4 0 0 3 1 4 1 3 4 2 1 0 1 4 2 0 0 0 0 1 0 1 2 0 4 2 4 2 4 4 0 1 4 0 0 4 3 2 4 0 0 3 2 1 3 4 4 1 0 1 0 4 0 0 1 0 3 3 1 0 0 1 3 3 0
4 0 4 4 3
154:
0 2 0 1 4 2 0 0 3 4 1 2 0 4 2 2 4 2 4 1 4 0 3 4 3 4 1 1 0 2 1 3 0 2 1 4 0 3 0 3 0 1 4 2 4 0 0 4 1 0 0 3 0 2 2 0 4 0 2 0 2 2 1 3 4 2 0 4 0 0 4 1 4 0 1 3 0 3 0 3 0 4 3 0 1 0 3 3 2 4 1 0 0 1 2 1 2 2 4 1 1 0 2 0 3 3 4 2 2 3 1 0 1 1 2 4 4 0 1 4 1 3 2 1 2 3 0 3 4 2 0 4 4 3 2 3 3 0 4 4 4 2 4 3 0 0 0 1 3 1 1 4 0 2 3 4 4 3 0 4
1 4 4 3 1
