Base:
0:
0 1 0 1 0 2 0 0 0 2
0 2 0
1:
2 0 0 1 1 2 1 2 1 1 0
1 1 2
2:
1 2 0 2 1 2 2 2 0 2 1 0
1 1 0
3:
0 0 2 2 0 0 2 0 1 2 1 2 1
0 2 2
4:
0 1 1 0 2 1 2 0 0 0 1 0 1 0
2 0 0
5:
2 0 1 2 1 0 0 0 1 1 1 1 2 2 2
2 1 1
6:
0 1 1 2 0 2 0 1 0 0 2 1 0 0 0 0
2 0 2
7:
2 0 2 0 2 1 2 0 2 2 0 2 1 2 1 0 0
2 2 1
8:
1 1 1 1 0 1 0 1 0 0 1 2 0 0 0 1 1 0
0 1 0
9:
0 0 2 2 2 0 0 2 0 2 1 1 0 0 0 2 1 0 0
2 2 0
10:
0 2 0 0 1 0 2 0 1 2 2 2 2 2 2 0 0 0 2 1
1 0 1
11:
0 2 1 2 1 1 2 2 2 2 0 2 0 1 1 0 2 2 0 0 1
2 0 2
12:
2 1 1 1 2 1 2 2 2 2 1 2 2 0 0 1 0 1 0 0 0 0
0 2 0
13:
1 2 0 2 1 1 0 1 1 1 2 2 2 0 1 2 0 1 2 0 1 2 1
0 2 0
14:
2 0 1 1 2 0 0 2 1 2 0 2 1 1 1 0 0 0 0 0 0 1 2 0
2 2 0
15:
0 1 1 0 0 0 1 1 2 1 0 1 0 1 1 0 0 0 0 0 1 1 2 1 0
0 0 2
16:
0 2 0 2 0 0 2 0 1 2 0 1 0 1 2 1 2 0 2 2 1 0 0 2 2 2
2 2 0
17:
1 2 0 2 2 2 2 0 2 0 0 2 0 1 0 2 1 0 1 1 1 1 0 2 1 1 1
1 0 1
18:
2 2 1 0 2 0 0 0 1 0 0 0 1 1 2 0 1 0 0 2 0 1 0 0 0 1 2 0
0 2 2
19:
1 1 1 1 2 2 1 2 2 1 0 0 2 2 1 2 2 0 0 2 0 1 2 2 0 0 2 1 0
2 1 2
20:
1 2 0 0 2 0 0 2 0 2 2 1 0 0 2 0 0 2 0 0 0 0 1 0 0 0 2 1 2 1
2 0 0
21:
2 2 0 1 0 1 2 0 0 2 0 1 0 0 0 2 2 2 1 0 1 1 2 2 0 2 1 1 0 2 0
2 1 2
22:
0 0 2 0 2 1 1 0 2 0 0 1 2 1 0 2 1 2 1 0 0 0 1 2 2 1 1 0 0 0 2 2
0 2 2
23:
2 2 2 0 1 1 0 1 0 2 0 2 2 1 1 1 2 1 1 0 1 2 2 1 0 2 1 2 1 0 1 2 2
2 2 1
24:
1 1 2 2 1 1 0 2 0 1 0 0 2 1 2 1 2 0 1 0 2 1 0 1 0 1 1 0 0 0 1 0 1 0
2 2 0
25:
0 0 1 0 1 2 0 2 2 0 2 0 2 0 1 0 2 1 0 1 0 2 1 1 1 0 2 1 2 2 0 2 0 1 2
1 1 2
26:
2 2 2 0 2 2 0 0 2 2 2 2 2 2 2 1 2 1 0 0 1 2 2 0 1 2 0 0 0 0 0 2 0 2 2 1
0 2 0
27:
0 1 2 2 1 1 2 1 2 2 2 0 2 1 1 0 2 0 0 0 0 1 1 0 0 0 0 2 1 0 0 1 1 1 2 0 0
2 0 2
28:
2 1 1 2 0 1 1 1 2 0 2 0 2 1 1 1 0 1 0 1 1 1 2 2 1 2 1 2 1 2 2 2 2 2 1 2 0 2
2 1 1
29:
1 1 2 0 1 1 1 0 2 1 1 1 1 1 2 0 0 1 2 0 2 0 2 1 0 1 0 1 0 2 1 2 2 2 2 1 2 1 1
1 0 0
30:
2 1 0 2 0 0 1 2 2 0 0 2 1 0 1 2 1 2 0 2 2 2 0 0 2 1 1 1 0 1 0 2 2 0 0 0 0 1 0 0
1 0 0
31:
0 2 1 0 2 0 1 0 2 2 2 1 1 2 0 0 2 0 1 0 0 1 1 0 1 0 1 1 1 1 1 2 2 2 1 2 1 1 2 0 0
2 1 2
32:
1 0 1 0 1 0 1 0 2 1 1 1 0 1 1 2 1 0 2 1 2 2 1 1 0 2 0 2 1 0 0 0 2 1 0 1 0 1 1 1 2 0
0 1 1
33:
1 1 2 0 2 2 2 1 0 0 1 1 1 0 0 0 2 1 0 0 0 2 2 0 2 2 1 1 0 0 2 2 0 2 2 2 0 2 0 1 0 0 0
2 1 1
34:
2 2 1 2 0 2 2 1 1 1 1 1 2 0 1 0 2 1 2 0 1 2 0 2 0 1 2 2 0 1 1 0 2 2 2 2 2 2 0 0 0 0 0 0
1 1 0
35:
2 2 2 1 2 0 1 1 2 1 0 1 1 1 1 2 1 2 1 0 2 0 1 0 1 1 2 2 1 2 0 1 2 2 2 0 1 2 2 2 2 0 0 2 2
1 1 0
36:
2 2 2 0 1 0 2 2 2 1 2 0 2 0 0 1 1 0 0 1 2 1 1 0 2 2 0 1 0 1 0 2 1 2 0 2 1 2 0 1 0 1 2 1 1 2
2 1 2
37:
2 2 2 0 0 2 2 0 0 2 0 2 2 1 2 0 1 2 0 0 1 2 0 0 0 1 2 1 1 1 2 2 2 0 0 0 1 0 0 2 0 0 2 2 0 0 1
2 1 2
38:
1 1 1 0 1 1 2 0 1 1 1 1 1 2 0 1 2 0 1 1 0 2 1 2 1 1 0 1 0 2 0 1 2 2 2 0 0 0 2 1 2 1 2 2 0 0 2 1
0 2 2
39:
0 2 0 1 1 0 1 2 1 2 1 0 0 0 2 0 1 2 0 2 1 1 1 0 1 1 1 1 2 1 1 1 1 0 2 2 0 0 2 1 2 2 2 2 1 1 0 1 1
2 2 1
40:
1 1 0 1 0 2 2 2 2 2 2 0 0 2 2 0 0 1 2 2 2 0 2 0 1 1 1 0 1 0 2 0 1 2 2 2 0 0 0 0 2 1 0 1 1 2 0 2 0 0
0 0 2
41:
1 2 2 1 1 1 0 1 1 2 1 1 2 0 1 0 2 1 2 2 1 0 2 1 2 0 2 1 1 0 0 1 2 2 2 0 0 0 2 2 0 0 0 0 0 0 2 1 2 1 2
1 2 2
42:
2 2 1 2 1 1 2 2 0 0 1 0 2 0 0 2 2 0 0 0 2 1 2 1 1 0 2 2 2 1 1 1 2 0 0 2 0 2 0 2 0 2 0 1 2 2 0 2 0 2 1 2
1 2 2
43:
1 2 1 1 2 0 1 0 2 0 0 2 1 2 0 1 1 0 2 2 2 0 2 2 2 2 1 0 2 0 0 2 2 1 0 0 1 1 2 1 0 2 0 0 2 0 2 0 2 0 2 1 1
1 1 2
44:
1 2 1 0 1 0 2 0 2 2 1 2 1 1 0 1 2 0 2 2 1 1 1 2 1 1 2 2 1 2 1 1 2 1 2 0 2 1 1 1 1 0 0 1 0 0 2 0 1 1 0 2 1 0
0 1 0
45:
0 0 1 1 2 1 0 1 2 0 0 0 0 0 2 1 1 2 0 0 1 2 0 0 1 2 1 0 0 0 1 0 0 0 0 2 0 2 2 2 1 1 1 1 1 1 1 2 1 0 2 2 2 1 1
2 2 0
46:
2 2 1 1 1 1 0 1 0 2 1 1 1 2 1 0 0 1 2 2 1 0 1 1 2 2 1 0 1 1 1 1 1 1 1 1 2 1 2 0 1 0 1 2 1 0 0 2 2 0 2 1 1 2 0 1
2 1 2
47:
1 0 1 1 2 1 1 0 0 2 2 2 1 0 1 0 2 2 0 1 0 0 2 1 2 1 0 1 0 0 0 1 1 2 1 0 0 2 0 1 2 1 2 1 1 1 1 1 0 0 1 0 0 1 1 0 1
1 0 1
48:
2 2 0 0 2 2 2 1 2 2 0 0 0 2 0 0 2 0 0 0 2 2 0 0 1 0 1 0 2 2 0 0 2 2 2 0 1 0 0 0 0 2 2 1 1 1 2 1 0 1 0 2 1 0 2 1 2 1
2 0 2
49:
0 2 2 1 2 0 1 0 1 0 2 2 2 0 0 1 2 2 0 0 2 1 0 0 2 1 0 1 2 1 1 0 0 0 2 0 1 2 1 0 0 0 0 2 2 1 1 1 2 2 2 2 2 1 0 1 2 2 1
1 0 0
50:
2 0 2 2 1 2 1 0 2 1 0 0 1 1 2 0 1 0 0 0 0 0 0 2 1 0 2 2 0 0 0 0 2 1 0 0 1 1 2 2 2 1 1 1 2 0 0 2 0 0 1 2 2 0 1 1 1 2 1 2
2 0 2
51:
1 0 0 1 1 2 1 1 2 2 2 2 2 2 0 2 2 0 2 2 2 0 1 0 1 1 0 1 1 1 0 0 0 2 0 2 2 0 1 2 0 2 1 0 0 0 2 1 1 2 1 1 2 0 0 0 0 0 0 2 2
0 1 1
52:
1 2 2 0 0 1 0 0 2 1 2 2 2 1 0 1 0 1 1 0 1 1 2 1 0 0 1 1 2 2 0 2 1 0 1 0 0 0 2 2 0 0 1 1 2 0 1 0 0 2 0 2 0 0 1 2 0 1 2 1 2 2
0 2 0
53:
0 1 1 0 1 0 2 2 0 2 0 0 1 1 2 0 2 1 0 1 1 1 0 1 1 0 1 2 2 1 1 1 1 1 2 1 1 1 1 2 0 2 2 1 0 2 1 2 1 1 2 2 0 0 2 1 0 0 2 0 1 1 2
0 0 2
54:
1 2 2 0 2 1 0 2 1 0 0 1 0 1 2 0 1 1 0 2 2 1 0 2 2 0 1 1 0 1 1 2 0 2 0 1 1 2 2 2 2 1 2 1 2 1 0 2 2 0 0 2 1 1 0 2 2 2 2 0 2 0 1 1
1 0 1
55:
2 1 0 0 0 1 0 0 0 1 1 0 1 1 1 2 0 0 0 0 2 0 0 0 2 0 1 0 0 2 1 2 0 1 1 2 0 2 1 1 2 0 1 0 2 1 1 2 1 1 2 0 2 0 1 1 2 2 0 2 0 1 0 2 2
1 2 1
56:
2 2 2 2 2 1 1 2 1 2 2 1 2 1 2 1 1 1 2 1 1 2 0 2 1 1 2 0 1 0 0 2 2 2 2 1 1 1 2 0 0 2 0 2 2 2 1 1 2 2 2 1 1 2 2 0 0 1 1 1 2 2 0 0 1 0
1 1 0
57:
0 0 1 0 2 2 1 0 2 2 2 0 0 1 2 0 0 0 1 0 0 0 1 1 1 0 1 0 0 1 1 1 1 2 1 1 2 0 2 1 2 2 2 2 0 0 0 2 0 0 0 2 2 2 0 0 1 1 0 1 1 0 1 2 0 2 2
1 0 1
58:
1 2 2 2 2 0 1 2 0 2 1 2 2 1 0 1 2 2 2 1 0 1 0 1 2 1 2 2 1 0 2 0 0 2 0 0 2 0 1 1 0 2 2 0 0 2 1 2 2 0 1 2 2 1 0 1 2 1 2 2 1 0 2 2 0 2 2 1
1 2 2
59:
1 1 1 2 2 0 0 0 0 1 2 0 2 0 1 0 0 0 1 1 2 1 2 0 0 2 2 0 2 0 2 0 0 0 2 1 2 0 2 2 0 2 2 2 0 2 0 0 1 2 0 1 0 2 2 0 0 2 0 2 2 0 1 1 1 2 2 0 1
2 1 2
60:
0 0 0 0 2 2 0 0 1 0 0 1 1 0 2 0 1 2 0 1 1 1 1 0 0 0 1 0 0 2 2 0 1 2 0 1 1 1 1 1 0 1 1 1 1 2 1 1 2 0 0 1 0 1 2 2 2 0 2 2 0 0 1 2 2 2 2 2 2 0
0 2 2
61:
2 2 2 2 1 1 1 0 2 0 2 1 0 2 0 1 1 1 2 2 1 1 0 0 2 1 1 2 2 0 2 0 0 2 2 2 0 2 2 1 1 1 2 0 2 0 1 2 1 1 0 0 1 1 2 0 2 1 1 1 2 1 2 0 1 0 0 0 0 0 1
1 2 2
62:
2 0 1 0 0 2 1 2 2 0 0 2 2 0 1 1 0 0 2 1 0 1 0 2 2 2 1 2 1 2 0 0 2 0 1 0 2 2 2 0 0 0 0 0 0 0 0 0 0 2 0 1 2 0 0 1 1 1 1 2 0 2 2 0 2 0 1 0 2 1 2 0
0 0 1
63:
1 0 2 1 0 0 1 0 1 2 1 2 1 2 0 0 1 0 1 1 1 0 0 0 2 0 0 2 0 0 1 0 0 1 1 2 0 1 1 0 2 2 2 2 2 0 2 2 1 2 2 2 1 0 1 2 1 2 1 2 1 1 2 0 1 1 2 0 1 2 2 2 1
1 0 0
64:
0 1 1 2 0 1 0 0 1 1 2 0 0 1 2 1 1 2 2 1 2 2 2 2 2 0 2 2 1 0 0 2 0 0 0 1 0 0 1 0 1 0 2 0 0 2 0 2 0 1 1 0 1 0 2 2 2 1 2 0 1 2 1 2 1 1 2 2 2 2 0 2 2 1
0 0 2
65:
2 0 2 2 2 1 1 1 1 0 1 0 1 2 0 0 1 1 0 1 0 1 1 0 1 1 2 2 2 2 2 0 0 0 2 0 1 1 0 1 2 2 1 0 0 1 1 0 0 2 2 1 2 0 0 2 1 2 2 0 0 1 2 1 2 2 1 1 0 0 2 1 0 0 0
2 1 2
66:
1 0 1 2 0 2 0 1 2 1 0 2 2 1 0 0 2 2 0 0 1 0 2 1 1 0 0 2 1 2 0 1 0 2 2 2 0 2 0 1 0 2 0 0 1 1 2 1 2 0 0 2 2 2 1 1 2 0 2 1 2 0 2 2 1 1 0 2 0 0 1 1 2 2 0 0
0 1 0
67:
1 0 2 2 2 1 1 0 0 1 0 2 2 1 0 2 1 0 0 1 2 1 0 2 0 2 2 2 0 2 1 2 1 1 2 2 0 1 0 0 0 0 1 1 0 0 1 2 1 0 2 2 2 0 0 0 0 1 1 0 2 1 1 0 2 0 1 1 0 1 0 1 1 2 1 2 0
1 1 0
68:
1 2 2 0 1 1 0 0 0 0 1 0 1 0 0 2 0 2 0 0 1 1 2 2 0 0 2 0 1 2 2 0 2 1 2 0 0 2 1 0 0 1 2 2 0 0 2 1 1 0 0 0 0 0 1 2 0 1 1 2 1 0 0 1 1 1 0 0 0 0 0 0 0 0 2 0 2 2
0 2 0
69:
2 2 2 1 1 2 2 1 0 0 0 2 0 1 2 1 1 2 2 0 2 0 2 0 0 2 2 1 2 2 1 1 2 0 1 0 2 1 1 0 2 2 2 0 0 0 0 0 1 1 0 0 0 1 0 2 1 0 2 2 1 0 0 2 1 2 2 1 0 0 0 0 0 2 2 0 0 0 1
0 0 2
70:
2 2 1 2 0 2 1 2 1 0 1 1 0 0 0 2 2 2 1 0 1 2 2 0 2 1 0 2 0 2 0 0 2 1 1 1 1 1 2 0 2 2 1 1 2 0 0 1 2 0 1 0 2 0 1 2 0 2 2 2 0 0 2 2 1 1 0 0 2 2 1 0 0 0 2 1 2 0 1 0
1 1 0
71:
2 0 2 2 2 1 1 1 2 2 1 2 0 1 2 1 2 2 0 0 0 0 2 0 2 0 0 1 2 2 1 1 2 0 0 2 2 1 1 0 2 0 0 0 0 2 0 1 2 1 2 1 1 1 2 0 0 2 0 2 0 2 1 1 1 0 1 1 1 2 1 2 1 2 1 2 1 1 0 2 1
2 1 2
72:
2 0 0 2 2 2 2 0 2 0 2 1 1 2 0 2 1 2 0 2 2 2 2 1 2 2 1 1 0 0 0 0 1 2 1 2 0 2 2 0 2 0 2 2 2 2 1 1 1 0 1 0 2 2 2 1 2 1 2 0 1 1 2 2 2 2 1 2 0 0 1 2 2 0 1 0 2 0 1 1 0 0
2 1 2
73:
0 0 1 1 0 0 0 2 1 0 1 2 1 1 1 0 0 1 1 1 1 2 1 2 0 0 0 1 2 1 1 0 0 0 1 0 2 1 2 1 0 0 2 0 0 2 0 2 0 2 0 2 0 2 2 2 1 1 2 0 2 1 2 1 1 0 1 2 1 0 0 0 2 2 2 2 0 0 1 1 1 1 2
2 2 1
74:
0 1 1 1 0 2 0 2 0 2 1 0 2 1 1 2 0 1 2 0 0 1 0 2 1 0 2 2 0 1 1 2 1 2 2 0 1 1 1 0 0 0 1 0 0 1 1 0 2 2 0 0 2 2 1 1 2 1 1 1 0 0 1 1 1 0 1 2 1 2 2 1 2 2 1 0 0 2 2 0 1 1 2 2
1 2 2
75:
2 1 1 2 1 2 1 1 2 1 0 1 1 0 0 0 2 0 0 1 0 1 0 0 2 2 1 0 1 1 0 2 1 1 1 1 1 0 1 2 1 0 0 2 2 1 2 0 1 1 1 2 1 1 2 1 1 1 2 1 0 2 2 1 1 1 0 2 2 1 0 1 2 0 0 0 2 1 0 0 2 1 0 0 1
2 0 0
76:
0 0 1 1 0 2 2 1 2 0 0 0 0 1 2 1 2 2 0 0 1 1 0 0 0 1 2 1 0 2 1 0 0 0 2 2 1 0 1 0 0 1 1 2 2 1 1 0 2 0 2 1 2 2 2 0 0 1 0 2 1 2 0 0 2 2 1 1 2 1 2 2 1 0 0 1 2 0 0 2 0 2 2 0 1 0
1 1 2
77:
2 2 1 1 2 1 0 0 0 0 1 0 0 1 0 2 1 2 1 1 1 1 1 1 0 1 1 1 0 2 2 1 2 0 0 2 1 1 0 1 0 2 2 0 2 2 0 0 2 0 1 2 0 1 0 0 1 2 0 1 1 0 1 2 2 0 2 0 1 1 2 0 1 2 0 1 1 1 2 0 0 1 1 0 2 1 1
2 0 2
78:
0 2 2 2 1 0 0 2 2 2 0 0 0 2 1 0 0 2 1 1 1 0 2 1 0 0 2 2 2 2 0 1 0 1 2 0 1 1 1 0 0 0 2 2 0 0 0 2 0 0 0 1 1 0 1 1 0 1 2 2 2 2 0 2 2 2 1 0 2 1 0 0 0 1 0 0 2 0 0 0 1 2 0 1 0 2 1 0
2 2 1
79:
2 2 0 2 1 0 2 0 1 2 0 1 1 2 0 1 1 2 0 2 1 1 0 2 2 0 2 1 1 0 2 2 2 2 1 2 1 0 2 0 1 1 0 1 2 0 1 0 1 1 0 2 1 1 1 2 2 2 2 2 2 1 1 0 2 1 2 2 1 2 1 1 2 1 2 1 1 1 0 0 2 1 2 0 0 0 1 2 0
2 2 1
