Base:
0:
1 1 1 2 2 1 0 2
2 0 0
1:
0 2 0 2 1 2 1 0 1
1 2 2
2:
1 1 0 0 1 1 1 0 1 2
2 2 1
3:
1 0 0 0 1 2 0 0 0 2 0
2 2 0
4:
1 2 1 2 1 0 2 2 1 1 2 0
1 0 0
5:
0 0 2 1 1 0 2 1 1 2 0 1 1
2 1 2
6:
2 0 2 2 1 0 0 2 2 0 2 1 0 2
1 1 0
7:
0 2 0 1 1 1 1 1 0 2 0 1 2 0 2
1 1 2
8:
2 1 0 0 1 2 2 1 2 2 1 0 1 1 1 2
1 2 2
9:
2 2 2 2 0 1 2 2 2 0 0 0 0 0 1 0 2
2 0 0
10:
0 1 1 2 0 0 0 1 0 1 2 0 1 2 1 0 2 0
0 2 0
11:
0 2 1 0 0 2 0 0 2 0 1 2 0 1 1 2 2 0 2
2 0 2
12:
1 2 0 2 2 0 0 0 1 0 1 1 1 1 2 0 1 1 0 2
0 2 0
13:
2 1 0 2 1 1 2 1 0 0 0 1 2 2 1 2 1 2 2 2 2
1 2 2
14:
0 1 0 1 0 0 2 0 0 2 1 2 1 1 2 0 1 1 2 0 0 0
1 0 0
15:
0 2 0 0 0 1 0 1 0 1 2 1 1 1 1 0 2 1 2 1 0 2 0
2 0 2
16:
2 1 2 1 1 0 0 1 0 0 0 1 1 2 2 1 0 1 1 0 0 2 1 0
1 1 0
17:
2 0 0 2 2 2 2 0 1 2 0 1 0 0 0 1 0 1 1 1 0 1 1 0 0
0 1 0
18:
2 1 0 2 2 1 0 0 2 1 1 2 0 1 0 0 1 2 1 2 2 2 2 2 1 2
1 1 0
19:
2 1 2 2 0 0 2 2 0 1 0 2 1 0 2 0 1 1 0 0 0 2 1 2 0 0 0
2 1 2
20:
0 2 1 2 1 2 0 1 0 1 0 1 1 0 2 0 0 2 1 0 2 2 0 0 1 1 0 0
0 0 1
21:
2 1 2 1 0 0 0 1 2 0 0 2 2 1 1 0 2 2 0 1 1 2 1 0 1 2 1 0 2
0 2 2
22:
2 2 0 2 0 1 2 2 1 2 2 2 2 0 2 2 2 1 0 0 0 0 1 1 1 2 0 0 0 2
2 1 2
23:
0 2 2 0 1 1 2 1 0 2 0 2 0 2 0 2 0 0 0 1 2 0 0 2 2 2 1 1 2 2 1
2 0 0
24:
0 0 1 2 0 1 1 2 0 2 2 2 0 2 0 2 0 2 1 1 2 2 0 2 2 1 1 1 0 0 2 1
2 0 2
25:
0 1 0 1 0 0 2 1 1 2 2 1 1 1 2 1 1 2 2 2 2 0 1 0 1 2 1 0 1 1 2 1 0
2 2 1
26:
1 0 2 2 2 1 0 1 2 2 1 1 2 2 2 0 2 2 2 0 0 2 0 0 2 0 2 2 2 2 2 2 1 2
1 2 2
27:
2 0 0 0 2 0 0 2 2 0 2 0 1 0 2 0 1 0 0 0 0 0 2 1 1 0 0 0 2 0 2 2 1 1 2
1 2 1
28:
2 1 0 1 2 0 2 1 1 1 1 1 2 0 2 1 0 2 0 2 1 1 1 1 0 1 0 0 2 0 1 0 1 2 1 1
0 0 2
29:
1 0 0 1 0 1 0 2 2 0 0 1 2 2 1 1 0 0 2 0 2 2 1 0 2 1 0 0 0 0 2 0 0 0 2 0 1
2 0 2
30:
1 1 0 0 0 0 0 0 1 2 1 0 1 0 0 0 0 0 0 2 2 0 2 1 0 0 0 0 2 1 2 1 0 1 1 1 0 0
2 0 0
31:
1 1 1 1 2 2 2 0 2 1 2 1 1 0 2 1 2 1 2 0 2 2 2 1 1 2 1 1 2 1 1 0 1 2 2 1 2 2 0
0 0 1
