Base:
0:
2 0 0 1 1 0 1 1 0
2 2 1
1:
2 0 1 0 0 0 2 2 2 0
1 2 1
2:
2 0 2 0 0 2 2 0 2 2 1
0 0 2
3:
1 1 2 2 0 0 0 1 0 2 1 2
0 1 1
4:
1 1 0 1 0 1 1 2 2 1 2 2 2
2 2 0
5:
2 0 2 0 0 0 1 2 2 0 0 0 0 0
0 2 0
6:
0 0 0 2 2 0 0 1 2 2 0 0 1 0 2
1 1 0
7:
2 0 1 1 1 0 0 1 2 2 2 0 1 0 2 1
2 0 2
8:
2 0 2 0 2 1 1 1 1 2 2 1 0 0 0 2 1
1 0 1
9:
0 0 1 1 0 2 1 1 0 2 1 0 1 2 0 2 0 2
2 2 1
10:
2 0 2 0 2 1 0 0 2 0 2 2 0 2 1 0 2 1 2
0 0 2
11:
0 0 2 1 1 2 2 0 1 1 1 2 1 1 2 2 0 2 2 1
2 1 1
12:
1 1 2 2 0 2 1 1 1 2 1 1 2 0 2 1 0 0 2 1 2
2 2 1
13:
1 2 2 2 0 2 1 1 2 2 2 0 0 1 1 2 2 1 1 1 2 2
0 0 1
14:
0 2 2 2 0 2 0 1 2 0 0 2 2 1 0 0 0 0 0 2 1 1 2
0 1 1
15:
0 2 1 0 0 1 0 2 0 2 1 0 1 0 1 1 2 1 1 1 0 0 2 2
1 1 0
16:
0 1 0 0 2 2 2 2 0 0 2 1 0 0 2 2 0 0 0 0 2 0 1 0 1
2 0 2
17:
2 0 0 2 0 0 2 1 1 2 2 1 2 1 2 2 0 0 1 1 2 0 1 0 0 2
0 0 2
18:
2 0 1 1 0 1 2 0 2 0 2 1 0 1 0 1 1 2 1 1 0 2 0 2 2 0 1
2 0 0
19:
1 2 1 0 2 0 1 0 0 0 0 1 1 1 2 0 2 2 2 0 0 2 1 0 2 0 1 0
0 2 0
20:
2 2 2 2 2 2 0 1 1 2 0 2 1 0 2 2 2 0 1 2 1 2 1 2 1 2 2 1 0
0 0 1
21:
2 1 1 1 2 0 2 2 1 1 0 0 0 1 2 0 1 2 0 1 2 0 1 0 2 2 2 1 0 1
2 0 0
22:
2 2 1 2 0 2 2 2 0 2 0 1 2 0 2 1 1 1 0 0 0 1 1 0 1 1 1 1 1 1 1
1 1 2
23:
0 2 0 1 0 0 1 1 1 0 1 2 2 2 1 1 1 2 2 1 1 1 1 1 0 0 0 0 1 2 1 0
1 1 0
24:
1 1 1 2 0 1 0 1 2 0 2 1 1 1 0 1 0 0 1 0 0 0 0 0 1 0 0 1 2 0 0 2 0
2 0 0
25:
0 0 0 1 0 2 0 0 2 2 2 2 1 1 0 0 2 0 2 2 0 0 2 0 0 2 1 0 2 0 2 1 2 2
0 2 2
26:
2 0 1 1 2 0 1 2 1 0 0 2 2 1 0 2 1 1 0 1 2 1 0 0 0 2 1 2 0 0 2 2 0 0 0
2 0 2
27:
1 2 0 1 2 0 1 2 1 0 1 0 0 1 0 1 1 0 0 1 2 0 1 2 2 2 1 0 1 1 1 2 2 1 0 1
1 0 0
28:
2 1 0 0 1 0 0 2 2 2 2 1 2 0 2 1 1 0 2 1 1 2 1 0 0 2 1 1 0 0 1 0 1 0 1 1 2
2 1 2
29:
2 2 2 1 2 0 1 1 0 0 0 0 1 0 2 2 1 2 1 1 0 2 0 0 1 0 1 1 0 2 1 2 1 2 0 1 0 2
0 2 0
30:
0 1 2 1 1 1 0 1 2 1 1 2 0 1 1 1 2 0 1 2 0 1 0 1 0 1 1 0 0 0 2 0 0 1 2 1 2 1 1
2 0 2
31:
2 1 2 1 0 2 0 2 1 2 1 2 0 1 0 1 1 2 2 0 2 2 2 1 1 1 0 1 1 2 0 2 1 2 2 2 2 0 1 1
0 2 0
32:
0 0 0 2 1 2 0 2 0 2 2 1 0 1 1 2 1 1 1 0 2 2 2 0 2 1 1 2 1 1 2 1 1 1 2 0 0 2 1 2 0
2 0 2
33:
2 0 1 1 1 1 1 2 1 1 1 1 0 2 0 2 2 2 2 0 2 1 1 1 1 0 2 1 0 1 2 1 2 1 2 2 2 2 1 2 2 2
1 1 0
34:
0 1 2 0 1 0 0 0 1 0 1 0 2 2 1 1 1 1 2 2 0 2 0 0 1 2 1 2 2 2 1 1 0 1 0 1 1 0 1 2 0 1 0
0 1 0
35:
0 0 1 0 0 2 0 1 0 1 2 0 1 0 0 2 2 2 0 2 1 0 1 1 2 2 2 2 2 0 0 2 2 1 1 0 2 1 0 0 0 2 1 2
2 1 1
36:
0 0 1 1 0 0 1 2 2 1 0 1 1 1 1 0 0 1 0 0 0 0 1 0 2 0 0 1 1 2 0 0 2 1 1 1 1 2 1 0 0 0 2 1 0
2 1 2
37:
2 1 1 1 1 1 1 0 0 1 2 1 0 1 1 0 0 1 0 2 0 2 2 2 2 0 1 2 0 0 2 0 0 0 2 1 1 1 0 2 2 0 2 2 0 1
2 0 0
38:
0 2 2 1 2 0 1 0 1 0 1 2 0 0 0 0 1 2 0 0 1 1 0 2 2 2 2 0 0 2 0 1 2 2 0 1 1 1 1 2 0 1 2 0 0 0 2
1 0 1
39:
1 1 1 2 1 2 2 0 2 1 2 1 0 1 2 0 0 2 1 0 1 2 1 1 2 2 0 2 2 2 0 0 2 0 0 0 1 0 1 0 1 1 0 1 0 2 0 2
1 2 2
40:
2 0 2 0 1 2 1 2 0 1 2 0 1 1 0 2 0 0 1 0 1 0 0 1 0 0 1 1 1 0 0 1 1 0 2 1 1 2 0 2 1 2 0 0 1 1 2 1 1
0 1 1
41:
2 1 1 0 1 1 2 0 2 0 1 2 0 0 1 1 2 2 0 0 1 1 0 0 2 0 1 2 0 0 0 1 2 1 1 1 1 1 2 2 1 2 1 2 2 1 2 2 1 1
0 0 1
42:
2 1 0 0 1 0 2 1 1 0 2 2 0 0 0 1 1 1 2 2 2 1 2 0 2 1 2 0 1 0 0 0 0 2 1 2 0 0 0 1 0 2 1 0 1 1 2 1 1 2 2
2 1 2
43:
0 2 1 1 0 2 0 2 0 1 1 1 2 0 0 0 0 0 0 1 1 0 2 1 0 1 2 1 1 1 0 1 1 1 0 1 1 2 0 0 0 0 1 2 0 2 1 0 1 1 2 1
2 0 0
44:
0 1 2 2 0 0 2 2 0 2 0 0 1 1 0 0 1 1 0 2 0 0 2 2 0 2 2 0 0 1 0 2 0 2 0 1 2 1 0 2 2 0 1 0 2 2 2 0 1 0 1 2 2
2 1 1
45:
1 0 2 2 0 2 1 0 0 0 1 0 1 0 2 0 1 1 2 0 2 1 1 2 0 1 1 2 1 2 1 2 2 1 1 1 0 0 2 0 0 1 0 0 2 1 0 2 2 2 0 0 2 0
2 2 0
46:
2 1 2 0 0 1 1 0 0 0 2 1 0 2 1 1 2 1 1 1 1 0 1 0 1 1 1 2 0 0 1 2 0 0 2 2 0 0 2 2 0 0 1 0 1 0 1 0 0 0 1 0 0 1 1
1 0 1
47:
1 1 2 0 2 2 1 2 1 2 1 1 2 1 1 1 2 1 1 1 2 1 2 1 2 0 0 2 0 2 0 2 2 0 2 1 0 1 1 2 0 1 2 1 1 1 0 2 1 2 2 2 2 1 0 0
0 0 2
48:
0 1 1 2 2 1 2 1 1 1 2 2 0 0 1 1 0 1 0 1 1 1 1 2 1 0 0 1 2 2 0 1 0 0 2 2 1 1 1 2 1 0 0 2 1 1 1 0 0 0 2 1 2 2 1 0 0
2 1 1
49:
0 1 2 1 1 0 1 0 2 0 0 1 0 1 2 1 1 0 1 2 2 1 1 1 1 2 1 2 0 1 2 0 0 2 1 2 0 0 1 2 0 2 1 2 0 2 1 2 0 1 0 0 1 0 2 0 2 0
1 0 1
50:
0 2 0 2 2 2 0 1 2 0 1 1 1 1 1 2 0 1 2 2 2 2 0 2 0 0 2 1 2 2 2 2 1 2 2 1 0 1 1 1 2 2 0 1 2 2 1 0 2 2 1 1 0 1 0 0 2 2 2
2 0 2
51:
2 2 0 1 2 2 0 0 1 1 1 1 1 0 0 0 2 2 1 0 0 0 2 1 1 1 0 1 1 1 0 0 1 2 0 2 1 1 2 1 1 2 1 0 0 1 0 2 1 1 2 0 0 1 0 1 0 2 0 0
0 2 0
52:
1 1 2 2 1 1 2 2 1 2 1 0 0 0 0 2 0 1 0 1 0 1 0 0 2 1 1 2 0 1 1 0 2 1 1 1 1 1 1 0 2 0 0 2 1 2 2 1 1 2 2 1 0 0 2 1 1 2 0 0 1
2 2 1
53:
2 0 0 2 1 0 1 2 1 0 2 2 2 2 0 0 2 1 1 2 0 1 0 1 2 0 0 0 1 1 2 1 1 0 1 0 1 1 2 2 1 1 2 0 0 2 2 2 1 2 2 1 1 2 2 0 1 0 1 1 2 0
0 1 1
