Base:
0:
0 2 0 2
2 0 4 1 4
1:
4 4 1 0 0
1 3 3 0 1
2:
0 4 3 3 4 2
4 4 3 1 2
3:
0 0 4 4 0 0 4
1 3 2 1 0
4:
3 0 1 4 3 4 0 3
0 3 1 1 2
5:
1 4 1 3 1 1 3 0 0
4 2 0 4 0
6:
3 1 2 0 4 4 1 2 2 2
0 3 1 3 2
7:
2 2 0 0 1 4 0 2 4 3 0
4 0 1 1 3
8:
4 4 0 3 1 2 3 4 1 1 0 3
0 1 1 2 2
9:
1 0 0 0 0 2 3 0 3 3 1 3 2
2 4 4 1 4
10:
4 4 0 1 1 3 2 4 2 2 1 3 3 2
1 4 3 0 3
11:
0 3 3 4 3 3 1 4 3 4 3 3 4 4 0
0 3 3 2 4
12:
1 2 4 3 4 0 2 0 2 4 2 1 4 1 3 2
1 3 0 3 3
13:
2 1 1 2 2 4 4 0 1 3 0 4 1 3 3 0 1
2 4 3 2 0
14:
2 1 1 2 1 3 1 1 2 1 2 2 3 1 3 1 0 0
1 2 3 0 3
15:
2 2 4 2 3 0 4 0 3 0 4 4 0 0 1 3 1 3 0
4 2 1 1 0
16:
4 0 2 1 3 1 1 0 3 2 3 1 2 3 3 4 2 3 1 0
2 0 0 4 3
17:
3 4 0 4 0 0 1 2 3 0 0 1 0 1 1 2 3 0 1 3 4
2 4 0 3 4
18:
0 1 2 1 0 2 3 2 3 2 3 0 1 0 3 3 4 2 3 2 3 1
2 1 0 1 3
19:
1 1 1 0 3 2 2 1 2 4 3 4 0 1 3 4 3 3 0 3 4 1 0
1 1 1 4 1
20:
2 3 0 3 4 3 3 3 0 4 2 2 0 3 3 0 3 0 0 3 4 3 2 1
0 1 3 4 2
21:
4 0 2 0 4 4 2 4 2 1 4 1 0 2 0 2 3 4 0 4 1 1 1 2 0
4 2 1 1 2
22:
2 4 2 4 0 1 1 0 0 3 1 4 2 3 3 2 4 3 4 2 3 2 2 1 3 0
3 4 2 0 4
23:
1 1 0 4 2 3 1 0 4 2 2 2 2 4 4 1 3 3 3 4 4 4 4 0 2 3 0
3 1 1 1 0
24:
2 0 4 4 3 4 1 3 4 3 2 0 1 0 1 4 3 2 4 0 1 3 4 3 3 1 1 1
3 0 3 2 2
25:
0 4 0 0 0 3 3 1 4 4 1 2 4 2 2 4 3 0 1 4 2 2 1 0 2 2 1 2 3
3 4 0 2 0
26:
0 2 2 2 1 1 4 0 4 0 2 2 1 2 1 1 4 3 2 1 2 1 1 4 0 3 3 2 1 3
3 2 0 1 0
