Base:
0:
14 1
9 7 11 12 9 8 0 3 1 5 2 6 9 12 2 16 15
1:
0 11 12
15 8 7 3 15 13 0 11 0 15 5 13 4 2 3 9 9
2:
10 2 14 9
13 6 2 9 14 13 5 11 13 16 0 7 9 2 0 13 12
3:
4 15 3 12 7
11 16 15 9 5 5 8 2 3 6 11 3 11 14 9 8 12
4:
0 7 2 2 16 2
11 3 7 12 13 3 9 10 9 16 11 1 7 5 13 7 3
5:
3 4 6 1 0 8 0
9 15 4 9 16 8 5 9 13 2 7 1 10 5 5 8 8
6:
1 9 9 14 10 10 8 7
13 3 4 8 0 1 6 8 4 0 14 10 14 0 12 10 0
7:
4 8 13 1 16 10 12 8 15
11 10 6 3 6 16 12 13 10 7 6 13 14 15 4 14 16
8:
10 9 14 16 15 4 9 6 5 14
6 14 1 10 5 5 5 16 8 13 16 5 15 4 3 3 16
9:
16 0 3 14 15 6 12 12 9 3 12
5 6 3 16 6 16 5 0 7 11 11 0 5 1 1 15 5
10:
15 2 6 2 2 10 7 4 7 1 6 12
11 12 6 10 6 5 9 10 5 1 4 7 7 3 8 7 9
11:
0 1 0 1 13 0 4 8 10 10 12 2 15
2 11 8 11 8 5 3 15 9 6 14 4 12 7 2 10 14
12:
6 8 15 0 6 5 7 1 6 15 10 7 15 16
10 9 14 13 2 15 8 3 4 2 2 9 10 3 3 1 16
13:
4 5 11 10 5 2 5 13 2 15 3 0 15 9 11
5 14 5 16 1 5 5 2 9 13 2 11 8 2 9 11 3
14:
11 5 1 8 8 12 11 8 14 13 6 13 7 8 16 2
5 10 15 1 5 12 11 9 4 13 8 7 10 2 16 7 14
15:
13 13 6 2 7 13 9 7 5 8 6 10 4 13 4 13 0
8 12 9 9 1 2 7 14 11 8 3 11 3 12 16 2 15
16:
6 15 0 5 0 7 6 16 9 10 5 12 5 14 7 6 10 8
8 12 16 4 1 1 5 10 12 3 6 4 15 6 9 15 15
17:
9 0 13 4 12 3 13 11 2 5 2 0 16 0 6 14 11 9 6
13 0 6 6 6 15 10 16 15 6 10 9 2 0 4 1 0
18:
2 3 8 0 2 4 1 7 10 10 4 0 9 2 3 4 6 14 12 14
11 15 0 4 4 8 12 7 10 12 7 7 3 2 3 16 5
19:
5 15 10 6 4 10 15 8 8 13 12 0 8 6 5 15 14 6 15 16 16
7 15 4 8 5 2 7 7 2 13 12 14 16 1 2 2 7
20:
15 3 7 11 9 14 12 14 3 9 7 1 6 2 5 3 10 7 4 13 4 8
10 3 16 5 6 12 14 13 6 14 9 16 4 4 14 2 3
21:
5 7 11 6 16 2 0 7 5 0 7 3 11 0 11 4 6 6 4 12 14 1 16
16 1 5 6 0 2 2 14 8 14 14 14 11 14 11 1 0
22:
15 15 3 4 0 10 8 10 11 11 13 7 0 11 3 14 13 1 1 3 0 14 0 4
6 11 0 16 6 15 7 6 7 14 10 3 7 2 2 1 4
23:
7 13 2 4 1 7 14 5 3 9 6 11 15 9 12 7 0 3 12 11 7 6 3 12 14
15 4 4 7 7 7 11 1 7 1 11 1 13 1 3 4 1
24:
13 8 6 1 9 10 8 13 3 9 5 16 8 0 4 16 16 6 6 14 13 10 6 3 4 13
15 7 12 11 7 7 0 8 9 2 16 16 13 0 4 1 7
25:
14 6 4 9 7 12 11 4 9 13 0 2 12 12 14 14 13 9 16 2 16 2 4 3 2 9 6
2 9 16 4 9 11 7 2 4 8 1 3 1 12 7 8 12
